6 0.05 0.0416667
6 0.05 0.166667
6 0.05 0.0416667
6 0.05 0.0833333
6 0.05 0
6 0.05 0.0416667
6 0.05 0.125
6 0.05 0.166667
6 0.05 0.0833333
6 0.05 0.208333
6 0.05 0.125
6 0.05 0.166667
6 0.05 0
6 0.05 0.125
6 0.05 0
6 0.05 0.125
6 0.05 0
6 0.05 0.125
6 0.05 0.166667
6 0.05 0
6 0.05 0.0416667
6 0.05 0.0833333
6 0.05 0
6 0.05 0.125
6 0.05 0.0833333
6 0.05 0.0416667
6 0.05 0.0416667
6 0.05 0.0416667
6 0.05 0.0833333
6 0.05 0.0416667
6 0.05 0.0416667
6 0.05 0.0416667
6 0.05 0.0833333
6 0.05 0.0833333
6 0.05 0.125
6 0.05 0
6 0.05 0.125
6 0.05 0.0416667
6 0.05 0.0833333
6 0.05 0.125
6 0.05 0.208333
6 0.05 0.0833333
6 0.05 0.0833333
6 0.05 0
6 0.05 0.125
6 0.05 0
6 0.05 0.0416667
6 0.05 0
6 0.05 0.0833333
6 0.05 0.166667
6 0.05 0.0833333
6 0.05 0.166667
6 0.05 0
6 0.05 0.166667
6 0.05 0.0416667
6 0.05 0.125
6 0.05 0.125
6 0.05 0.125
6 0.05 0.0416667
6 0.05 0.208333
6 0.05 0.0416667
6 0.05 0.125
6 0.05 0.0416667
6 0.05 0.25
6 0.05 0.0416667
6 0.05 0
6 0.05 0.0416667
6 0.05 0.166667
6 0.05 0.0833333
6 0.05 0
6 0.05 0
6 0.05 0.25
6 0.05 0
6 0.05 0.208333
6 0.05 0.0416667
6 0.05 0.125
6 0.05 0.0833333
6 0.05 0
6 0.05 0.0833333
6 0.05 0
6 0.05 0.0416667
6 0.05 0
6 0.05 0.0416667
6 0.05 0
6 0.05 0.125
6 0.05 0
6 0.05 0.0416667
6 0.05 0.0833333
6 0.05 0.0416667
6 0.05 0
6 0.05 0.0416667
6 0.05 0
6 0.05 0.125
6 0.05 0.0833333
6 0.05 0.0416667
6 0.05 0.0833333
6 0.05 0
6 0.05 0
6 0.05 0.0416667
6 0.05 0.0833333
6 0.05 0.0833333
6 0.05 0
6 0.05 0
6 0.05 0.0833333
6 0.05 0.125
6 0.05 0.0416667
6 0.05 0.0833333
6 0.05 0
6 0.05 0.0416667
6 0.05 0.0833333
6 0.05 0
6 0.05 0.125
6 0.05 0.0833333
6 0.05 0
6 0.05 0.125
6 0.05 0
6 0.05 0.125
6 0.05 0.0416667
6 0.05 0
6 0.05 0
6 0.05 0.0416667
6 0.05 0.0833333
6 0.05 0.0416667
6 0.05 0.125
6 0.05 0.291667
6 0.05 0.0833333
6 0.05 0.0416667
6 0.05 0.0416667
6 0.05 0
6 0.05 0.0416667
6 0.05 0.0833333
6 0.05 0.125
6 0.05 0.0416667
6 0.05 0
6 0.05 0.0416667
6 0.05 0.0416667
6 0.05 0.0416667
6 0.05 0.0416667
6 0.05 0
6 0.05 0
6 0.05 0
6 0.05 0.125
6 0.05 0.208333
6 0.05 0.125
6 0.05 0.0833333
6 0.05 0.0833333
6 0.05 0.0833333
6 0.05 0.0833333
6 0.05 0.0416667
6 0.05 0.125
6 0.05 0
6 0.05 0.0416667
6 0.05 0
6 0.05 0.0833333
6 0.05 0
6 0.05 0.0833333
6 0.05 0.166667
6 0.05 0.0833333
6 0.05 0.125
6 0.05 0.0416667
6 0.05 0.0416667
6 0.05 0.0833333
6 0.05 0.166667
6 0.05 0.0416667
6 0.05 0.0833333
6 0.05 0.166667
6 0.05 0.0416667
6 0.05 0
6 0.05 0.0833333
6 0.05 0
6 0.05 0
6 0.05 0.208333
6 0.05 0.125
6 0.05 0
6 0.05 0.0833333
6 0.05 0
6 0.05 0
6 0.05 0.0833333
6 0.05 0.0416667
6 0.05 0.0416667
6 0.05 0.0833333
6 0.05 0.0416667
6 0.05 0.0833333
6 0.05 0
6 0.05 0
6 0.05 0.0416667
6 0.05 0
6 0.05 0.208333
6 0.05 0.0833333
6 0.05 0.0416667
6 0.05 0
6 0.05 0.166667
6 0.05 0
6 0.05 0.0416667
6 0.05 0.25
6 0.05 0.0416667
6 0.05 0
6 0.05 0.0833333
6 0.05 0
6 0.05 0.0833333
6 0.05 0.125
6 0.05 0.25
6 0.05 0.0416667
6 0.05 0.0833333
6 0.05 0
6 0.05 0.0416667
6 0.05 0.0833333
6 0.05 0.0416667
6 0.05 0.25
6 0.05 0.0416667
6 0.05 0
6 0.05 0.0416667
6 0.05 0.0416667
6 0.05 0.0416667
6 0.05 0.125
6 0.05 0.0833333
6 0.05 0.125
6 0.05 0.0416667
6 0.05 0
6 0.05 0.0416667
6 0.05 0.0416667
6 0.05 0
6 0.05 0.0416667
6 0.05 0.0833333
6 0.05 0
6 0.05 0
6 0.05 0
6 0.05 0.0416667
6 0.05 0.0416667
6 0.05 0.0416667
6 0.05 0
6 0.05 0
6 0.05 0
6 0.05 0.0416667
6 0.05 0.291667
6 0.05 0.125
6 0.05 0
6 0.05 0
6 0.05 0.166667
6 0.05 0.0416667
6 0.05 0
6 0.05 0.0833333
6 0.05 0.0416667
6 0.05 0
6 0.05 0.0833333
6 0.05 0
6 0.05 0.0416667
6 0.05 0.0833333
6 0.05 0
6 0.05 0.0833333
6 0.05 0.125
6 0.05 0.125
6 0.05 0.0416667
6 0.05 0.0833333
6 0.05 0.0416667
6 0.05 0
6 0.05 0.125
6 0.05 0.125
6 0.05 0.125
6 0.05 0.0833333
6 0.05 0
6 0.05 0
6 0.05 0.0833333
6 0.05 0.0416667
6 0.05 0.0833333
6 0.05 0
6 0.05 0
6 0.05 0.125
6 0.05 0.0833333
6 0.05 0.0833333
6 0.05 0.0833333
6 0.05 0.0833333
6 0.05 0.0416667
6 0.05 0.0833333
6 0.05 0
6 0.05 0.0416667
6 0.05 0
6 0.05 0
6 0.05 0.0416667
6 0.05 0.0416667
6 0.05 0.0416667
6 0.05 0.125
6 0.05 0.0833333
6 0.05 0
6 0.05 0
6 0.05 0.0833333
6 0.05 0
6 0.05 0.0833333
6 0.05 0
6 0.05 0.0416667
6 0.05 0.125
6 0.05 0
6 0.05 0.125
6 0.05 0.0833333
6 0.05 0
6 0.05 0.0416667
6 0.05 0
6 0.05 0.0416667
6 0.05 0.125
6 0.05 0
6 0.05 0.125
6 0.05 0.0416667
6 0.05 0
6 0.05 0.0833333
6 0.05 0.0416667
6 0.05 0.0416667
6 0.05 0.0833333
6 0.05 0.0416667
6 0.05 0.208333
6 0.05 0.0416667
6 0.05 0.0416667
6 0.05 0.166667
6 0.05 0.166667
6 0.05 0
6 0.05 0.0833333
6 0.05 0.0416667
6 0.05 0
6 0.05 0.125
6 0.05 0.125
6 0.05 0.125
6 0.05 0.0833333
6 0.05 0.125
6 0.05 0.0416667
6 0.05 0.0833333
6 0.05 0.166667
6 0.05 0
6 0.05 0
6 0.05 0.0833333
6 0.05 0
6 0.05 0
6 0.05 0.0416667
6 0.05 0.0833333
6 0.05 0.125
6 0.05 0
6 0.05 0
6 0.05 0.0416667
6 0.05 0
6 0.05 0
6 0.05 0.125
6 0.05 0.0416667
6 0.05 0.0833333
6 0.05 0.0833333
6 0.05 0.0833333
6 0.05 0.0833333
6 0.05 0.125
6 0.05 0.208333
6 0.05 0.166667
6 0.05 0.0416667
6 0.05 0.0416667
6 0.05 0.0833333
6 0.05 0.0416667
6 0.05 0.125
6 0.05 0.208333
6 0.05 0.166667
6 0.05 0.0833333
6 0.05 0.0833333
6 0.05 0.166667
6 0.05 0.208333
6 0.05 0.125
6 0.05 0.125
6 0.1 0.208333
6 0.1 0.166667
6 0.1 0.166667
6 0.1 0.291667
6 0.1 0.208333
6 0.1 0.166667
6 0.1 0.125
6 0.1 0.125
6 0.1 0.208333
6 0.1 0.25
6 0.1 0.25
6 0.1 0.0833333
6 0.1 0.208333
6 0.1 0.291667
6 0.1 0.208333
6 0.1 0.291667
6 0.1 0.0833333
6 0.1 0.0833333
6 0.1 0.25
6 0.1 0.166667
6 0.1 0.333333
6 0.1 0.125
6 0.1 0.208333
6 0.1 0.208333
6 0.1 0.291667
6 0.1 0.333333
6 0.1 0.25
6 0.1 0.166667
6 0.1 0.208333
6 0.1 0.333333
6 0.1 0.208333
6 0.1 0.208333
6 0.1 0.208333
6 0.1 0.208333
6 0.1 0.208333
6 0.1 0.0833333
6 0.1 0.166667
6 0.1 0.25
6 0.1 0.25
6 0.1 0.166667
6 0.1 0.25
6 0.1 0.125
6 0.1 0.291667
6 0.1 0.25
6 0.1 0.333333
6 0.1 0.166667
6 0.1 0.291667
6 0.1 0.291667
6 0.1 0.291667
6 0.1 0.291667
6 0.1 0.25
6 0.1 0.208333
6 0.1 0.166667
6 0.1 0.25
6 0.1 0.208333
6 0.1 0.125
6 0.1 0.333333
6 0.1 0.25
6 0.1 0.375
6 0.1 0.291667
6 0.1 0.375
6 0.1 0.125
6 0.1 0.166667
6 0.1 0.208333
6 0.1 0.375
6 0.1 0.333333
6 0.1 0.208333
6 0.1 0.0416667
6 0.1 0.125
6 0.1 0.291667
6 0.1 0.333333
6 0.1 0.291667
6 0.1 0.375
6 0.1 0.0416667
6 0.1 0.166667
6 0.1 0.25
6 0.1 0.25
6 0.1 0.125
6 0.1 0.25
6 0.1 0.291667
6 0.1 0.291667
6 0.1 0.333333
6 0.1 0.0833333
6 0.1 0.375
6 0.1 0.208333
6 0.1 0.25
6 0.1 0.333333
6 0.1 0.333333
6 0.1 0.416667
6 0.1 0.291667
6 0.1 0.291667
6 0.1 0.333333
6 0.1 0.25
6 0.1 0.208333
6 0.1 0.25
6 0.1 0.25
6 0.1 0.166667
6 0.1 0.291667
6 0.1 0.25
6 0.1 0.291667
6 0.1 0.125
6 0.1 0.25
6 0.1 0.166667
6 0.1 0.166667
6 0.1 0.0833333
6 0.1 0.333333
6 0.1 0.416667
6 0.1 0.125
6 0.1 0
6 0.1 0.166667
6 0.1 0.291667
6 0.1 0.333333
6 0.1 0.208333
6 0.1 0.25
6 0.1 0.208333
6 0.1 0.0833333
6 0.1 0.25
6 0.1 0.125
6 0.1 0.0833333
6 0.1 0.25
6 0.1 0.291667
6 0.1 0.333333
6 0.1 0.125
6 0.1 0.208333
6 0.1 0.0416667
6 0.1 0.208333
6 0.1 0.0416667
6 0.1 0.291667
6 0.1 0.125
6 0.1 0.125
6 0.1 0.208333
6 0.1 0.25
6 0.1 0.208333
6 0.1 0.291667
6 0.1 0.0833333
6 0.1 0.166667
6 0.1 0.291667
6 0.1 0.291667
6 0.1 0.375
6 0.1 0.166667
6 0.1 0.208333
6 0.1 0.291667
6 0.1 0.208333
6 0.1 0.166667
6 0.1 0.0416667
6 0.1 0.25
6 0.1 0.291667
6 0.1 0.166667
6 0.1 0.25
6 0.1 0.25
6 0.1 0.291667
6 0.1 0.166667
6 0.1 0.208333
6 0.1 0.125
6 0.1 0.333333
6 0.1 0.166667
6 0.1 0.208333
6 0.1 0.208333
6 0.1 0.166667
6 0.1 0.375
6 0.1 0.25
6 0.1 0.166667
6 0.1 0.25
6 0.1 0.291667
6 0.1 0.416667
6 0.1 0.166667
6 0.1 0.333333
6 0.1 0.208333
6 0.1 0.291667
6 0.1 0.25
6 0.1 0.291667
6 0.1 0.125
6 0.1 0.0416667
6 0.1 0.166667
6 0.1 0.166667
6 0.1 0.291667
6 0.1 0.208333
6 0.1 0.0833333
6 0.1 0.333333
6 0.1 0.166667
6 0.1 0.291667
6 0.1 0.208333
6 0.1 0.166667
6 0.1 0.125
6 0.1 0.416667
6 0.1 0.125
6 0.1 0.125
6 0.1 0.333333
6 0.1 0.125
6 0.1 0.208333
6 0.1 0.416667
6 0.1 0.291667
6 0.1 0.291667
6 0.1 0.208333
6 0.1 0.25
6 0.1 0.208333
6 0.1 0.333333
6 0.1 0.333333
6 0.1 0.375
6 0.1 0.333333
6 0.1 0.291667
6 0.1 0.375
6 0.1 0.208333
6 0.1 0.416667
6 0.1 0.291667
6 0.1 0.25
6 0.1 0.0833333
6 0.1 0.291667
6 0.1 0.208333
6 0.1 0.25
6 0.1 0.0416667
6 0.1 0.208333
6 0.1 0.166667
6 0.1 0.125
6 0.1 0.333333
6 0.1 0.416667
6 0.1 0.333333
6 0.1 0.208333
6 0.1 0.125
6 0.1 0.125
6 0.1 0.125
6 0.1 0.25
6 0.1 0.0833333
6 0.1 0.375
6 0.1 0.0833333
6 0.1 0.166667
6 0.1 0.208333
6 0.1 0.125
6 0.1 0.166667
6 0.1 0.291667
6 0.1 0.416667
6 0.1 0.375
6 0.1 0.25
6 0.1 0.166667
6 0.1 0.208333
6 0.1 0.208333
6 0.1 0.208333
6 0.1 0.166667
6 0.1 0.291667
6 0.1 0.25
6 0.1 0.125
6 0.1 0.291667
6 0.1 0.166667
6 0.1 0.208333
6 0.1 0.208333
6 0.1 0.166667
6 0.1 0.416667
6 0.1 0.25
6 0.1 0.208333
6 0.1 0.25
6 0.1 0.333333
6 0.1 0.25
6 0.1 0.291667
6 0.1 0.208333
6 0.1 0.25
6 0.1 0.25
6 0.1 0.166667
6 0.1 0.458333
6 0.1 0.208333
6 0.1 0.0833333
6 0.1 0.0833333
6 0.1 0.0833333
6 0.1 0.166667
6 0.1 0.25
6 0.1 0.166667
6 0.1 0.375
6 0.1 0.166667
6 0.1 0.166667
6 0.1 0.291667
6 0.1 0.166667
6 0.1 0.125
6 0.1 0.291667
6 0.1 0.0833333
6 0.1 0.291667
6 0.1 0.166667
6 0.1 0.125
6 0.1 0.375
6 0.1 0.375
6 0.1 0.166667
6 0.1 0.208333
6 0.1 0.125
6 0.1 0.208333
6 0.1 0.208333
6 0.1 0.333333
6 0.1 0.208333
6 0.1 0.291667
6 0.1 0.25
6 0.1 0.208333
6 0.1 0.166667
6 0.1 0.25
6 0.1 0.166667
6 0.1 0.25
6 0.1 0.166667
6 0.1 0.291667
6 0.1 0.208333
6 0.1 0.208333
6 0.1 0.375
6 0.1 0.125
6 0.1 0.208333
6 0.1 0.291667
6 0.1 0.25
6 0.1 0.25
6 0.1 0.291667
6 0.1 0.208333
6 0.1 0.25
6 0.1 0.25
6 0.1 0.25
6 0.1 0.25
6 0.1 0.208333
6 0.1 0.25
6 0.1 0.25
6 0.1 0.208333
6 0.1 0.25
6 0.1 0.208333
6 0.1 0.291667
6 0.1 0.208333
6 0.1 0.0833333
6 0.1 0.25
6 0.1 0.25
6 0.1 0.25
6 0.1 0.375
6 0.1 0.0416667
6 0.1 0.25
6 0.1 0.25
6 0.1 0.125
6 0.1 0.375
6 0.1 0.333333
6 0.1 0.125
6 0.1 0.25
6 0.1 0.25
6 0.1 0.166667
6 0.1 0.333333
6 0.1 0.25
6 0.1 0.125
6 0.1 0.375
6 0.1 0.25
6 0.1 0.166667
6 0.1 0.416667
6 0.1 0.166667
6 0.1 0.166667
6 0.1 0.291667
6 0.1 0.333333
6 0.1 0.416667
6 0.1 0.291667
6 0.1 0.166667
6 0.1 0.0833333
6 0.1 0.416667
6 0.1 0.291667
6 0.1 0.0416667
6 0.1 0.208333
6 0.1 0.291667
6 0.1 0.208333
6 0.1 0.25
6 0.1 0.125
6 0.1 0.458333
6 0.1 0.208333
6 0.1 0.0833333
6 0.1 0.291667
6 0.1 0.166667
6 0.1 0.333333
6 0.15 0.416667
6 0.15 0.583333
6 0.15 0.625
6 0.15 0.333333
6 0.15 0.5
6 0.15 0.208333
6 0.15 0.416667
6 0.15 0.625
6 0.15 0.375
6 0.15 0.416667
6 0.15 0.333333
6 0.15 0.458333
6 0.15 0.458333
6 0.15 0.375
6 0.15 0.375
6 0.15 0.458333
6 0.15 0.708333
6 0.15 0.5
6 0.15 0.333333
6 0.15 0.458333
6 0.15 0.458333
6 0.15 0.541667
6 0.15 0.5
6 0.15 0.333333
6 0.15 0.416667
6 0.15 0.375
6 0.15 0.375
6 0.15 0.333333
6 0.15 0.458333
6 0.15 0.291667
6 0.15 0.25
6 0.15 0.375
6 0.15 0.458333
6 0.15 0.75
6 0.15 0.375
6 0.15 0.375
6 0.15 0.333333
6 0.15 0.458333
6 0.15 0.458333
6 0.15 0.375
6 0.15 0.333333
6 0.15 0.583333
6 0.15 0.5
6 0.15 0.375
6 0.15 0.291667
6 0.15 0.458333
6 0.15 0.583333
6 0.15 0.541667
6 0.15 0.583333
6 0.15 0.375
6 0.15 0.5
6 0.15 0.541667
6 0.15 0.5
6 0.15 0.583333
6 0.15 0.5
6 0.15 0.583333
6 0.15 0.583333
6 0.15 0.458333
6 0.15 0.416667
6 0.15 0.333333
6 0.15 0.458333
6 0.15 0.416667
6 0.15 0.541667
6 0.15 0.208333
6 0.15 0.458333
6 0.15 0.375
6 0.15 0.458333
6 0.15 0.375
6 0.15 0.375
6 0.15 0.375
6 0.15 0.375
6 0.15 0.333333
6 0.15 0.541667
6 0.15 0.583333
6 0.15 0.416667
6 0.15 0.458333
6 0.15 0.375
6 0.15 0.458333
6 0.15 0.5
6 0.15 0.375
6 0.15 0.5
6 0.15 0.583333
6 0.15 0.416667
6 0.15 0.375
6 0.15 0.375
6 0.15 0.291667
6 0.15 0.333333
6 0.15 0.458333
6 0.15 0.375
6 0.15 0.291667
6 0.15 0.5
6 0.15 0.458333
6 0.15 0.375
6 0.15 0.416667
6 0.15 0.666667
6 0.15 0.541667
6 0.15 0.333333
6 0.15 0.458333
6 0.15 0.333333
6 0.15 0.333333
6 0.15 0.5
6 0.15 0.583333
6 0.15 0.458333
6 0.15 0.541667
6 0.15 0.5
6 0.15 0.291667
6 0.15 0.291667
6 0.15 0.458333
6 0.15 0.333333
6 0.15 0.541667
6 0.15 0.375
6 0.15 0.291667
6 0.15 0.458333
6 0.15 0.333333
6 0.15 0.458333
6 0.15 0.375
6 0.15 0.333333
6 0.15 0.416667
6 0.15 0.541667
6 0.15 0.583333
6 0.15 0.25
6 0.15 0.541667
6 0.15 0.583333
6 0.15 0.583333
6 0.15 0.375
6 0.15 0.541667
6 0.15 0.416667
6 0.15 0.25
6 0.15 0.25
6 0.15 0.458333
6 0.15 0.625
6 0.15 0.416667
6 0.15 0.625
6 0.15 0.291667
6 0.15 0.583333
6 0.15 0.416667
6 0.15 0.541667
6 0.15 0.416667
6 0.15 0.333333
6 0.15 0.583333
6 0.15 0.625
6 0.15 0.416667
6 0.15 0.375
6 0.15 0.375
6 0.15 0.5
6 0.15 0.5
6 0.15 0.416667
6 0.15 0.416667
6 0.15 0.416667
6 0.15 0.416667
6 0.15 0.458333
6 0.15 0.416667
6 0.15 0.375
6 0.15 0.416667
6 0.15 0.458333
6 0.15 0.375
6 0.15 0.208333
6 0.15 0.25
6 0.15 0.375
6 0.15 0.458333
6 0.15 0.458333
6 0.15 0.541667
6 0.15 0.5
6 0.15 0.625
6 0.15 0.5
6 0.15 0.5
6 0.15 0.458333
6 0.15 0.291667
6 0.15 0.541667
6 0.15 0.375
6 0.15 0.458333
6 0.15 0.541667
6 0.15 0.375
6 0.15 0.25
6 0.15 0.375
6 0.15 0.333333
6 0.15 0.375
6 0.15 0.416667
6 0.15 0.416667
6 0.15 0.291667
6 0.15 0.5
6 0.15 0.416667
6 0.15 0.375
6 0.15 0.541667
6 0.15 0.375
6 0.15 0.25
6 0.15 0.333333
6 0.15 0.333333
6 0.15 0.375
6 0.15 0.375
6 0.15 0.375
6 0.15 0.333333
6 0.15 0.458333
6 0.15 0.458333
6 0.15 0.5
6 0.15 0.416667
6 0.15 0.333333
6 0.15 0.25
6 0.15 0.458333
6 0.15 0.458333
6 0.15 0.458333
6 0.15 0.541667
6 0.15 0.583333
6 0.15 0.333333
6 0.15 0.416667
6 0.15 0.291667
6 0.15 0.416667
6 0.15 0.541667
6 0.15 0.333333
6 0.15 0.291667
6 0.15 0.375
6 0.15 0.333333
6 0.15 0.5
6 0.15 0.458333
6 0.15 0.541667
6 0.15 0.416667
6 0.15 0.666667
6 0.15 0.5
6 0.15 0.333333
6 0.15 0.583333
6 0.15 0.333333
6 0.15 0.333333
6 0.15 0.291667
6 0.15 0.458333
6 0.15 0.416667
6 0.15 0.333333
6 0.15 0.416667
6 0.15 0.25
6 0.15 0.458333
6 0.15 0.5
6 0.15 0.375
6 0.15 0.625
6 0.15 0.416667
6 0.15 0.541667
6 0.15 0.625
6 0.15 0.416667
6 0.15 0.583333
6 0.15 0.416667
6 0.15 0.541667
6 0.15 0.416667
6 0.15 0.333333
6 0.15 0.291667
6 0.15 0.416667
6 0.15 0.208333
6 0.15 0.333333
6 0.15 0.458333
6 0.15 0.291667
6 0.15 0.625
6 0.15 0.416667
6 0.15 0.333333
6 0.15 0.416667
6 0.15 0.291667
6 0.15 0.458333
6 0.15 0.416667
6 0.15 0.416667
6 0.15 0.541667
6 0.15 0.541667
6 0.15 0.541667
6 0.15 0.666667
6 0.15 0.25
6 0.15 0.541667
6 0.15 0.5
6 0.15 0.458333
6 0.15 0.333333
6 0.15 0.375
6 0.15 0.416667
6 0.15 0.291667
6 0.15 0.333333
6 0.15 0.458333
6 0.15 0.541667
6 0.15 0.416667
6 0.15 0.333333
6 0.15 0.458333
6 0.15 0.416667
6 0.15 0.291667
6 0.15 0.583333
6 0.15 0.541667
6 0.15 0.5
6 0.15 0.458333
6 0.15 0.541667
6 0.15 0.458333
6 0.15 0.5
6 0.15 0.375
6 0.15 0.291667
6 0.15 0.416667
6 0.15 0.375
6 0.15 0.416667
6 0.15 0.541667
6 0.15 0.458333
6 0.15 0.416667
6 0.15 0.458333
6 0.15 0.541667
6 0.15 0.416667
6 0.15 0.375
6 0.15 0.416667
6 0.15 0.5
6 0.15 0.333333
6 0.15 0.375
6 0.15 0.291667
6 0.15 0.458333
6 0.15 0.5
6 0.15 0.291667
6 0.15 0.291667
6 0.15 0.291667
6 0.15 0.25
6 0.15 0.416667
6 0.15 0.5
6 0.15 0.5
6 0.15 0.291667
6 0.15 0.291667
6 0.15 0.375
6 0.15 0.541667
6 0.15 0.458333
6 0.15 0.458333
6 0.15 0.375
6 0.15 0.333333
6 0.15 0.375
6 0.15 0.333333
6 0.15 0.25
6 0.15 0.708333
6 0.15 0.5
6 0.15 0.458333
6 0.15 0.375
6 0.15 0.375
6 0.15 0.458333
6 0.15 0.583333
6 0.15 0.5
6 0.15 0.333333
6 0.15 0.583333
6 0.15 0.416667
6 0.15 0.416667
6 0.15 0.5
6 0.15 0.333333
6 0.15 0.416667
6 0.15 0.5
6 0.15 0.583333
6 0.15 0.458333
6 0.15 0.375
6 0.15 0.5
6 0.15 0.375
6 0.15 0.333333
6 0.15 0.375
6 0.15 0.416667
6 0.15 0.458333
6 0.15 0.5
6 0.15 0.5
6 0.15 0.5
6 0.15 0.416667
6 0.15 0.291667
6 0.15 0.25
6 0.15 0.333333
6 0.15 0.5
6 0.15 0.333333
6 0.15 0.583333
6 0.15 0.458333
6 0.15 0.458333
6 0.15 0.333333
6 0.15 0.291667
6 0.15 0.625
6 0.15 0.458333
6 0.2 0.625
6 0.2 0.666667
6 0.2 0.541667
6 0.2 0.5
6 0.2 0.791667
6 0.2 0.5
6 0.2 0.625
6 0.2 0.75
6 0.2 0.708333
6 0.2 0.5
6 0.2 0.791667
6 0.2 0.541667
6 0.2 0.583333
6 0.2 0.583333
6 0.2 0.625
6 0.2 0.541667
6 0.2 0.625
6 0.2 0.625
6 0.2 0.666667
6 0.2 0.791667
6 0.2 0.583333
6 0.2 0.541667
6 0.2 0.541667
6 0.2 0.666667
6 0.2 0.583333
6 0.2 0.583333
6 0.2 0.541667
6 0.2 0.583333
6 0.2 0.458333
6 0.2 0.5
6 0.2 0.666667
6 0.2 0.666667
6 0.2 0.5
6 0.2 0.5
6 0.2 0.583333
6 0.2 0.416667
6 0.2 0.583333
6 0.2 0.708333
6 0.2 0.583333
6 0.2 0.5
6 0.2 0.458333
6 0.2 0.708333
6 0.2 0.666667
6 0.2 0.708333
6 0.2 0.583333
6 0.2 0.5
6 0.2 0.5
6 0.2 0.666667
6 0.2 0.541667
6 0.2 0.541667
6 0.2 0.583333
6 0.2 0.708333
6 0.2 0.666667
6 0.2 0.666667
6 0.2 0.583333
6 0.2 0.5
6 0.2 0.666667
6 0.2 0.666667
6 0.2 0.5
6 0.2 0.5
6 0.2 0.416667
6 0.2 0.625
6 0.2 0.708333
6 0.2 0.583333
6 0.2 0.75
6 0.2 0.708333
6 0.2 0.458333
6 0.2 0.625
6 0.2 0.708333
6 0.2 0.5
6 0.2 0.541667
6 0.2 0.666667
6 0.2 0.541667
6 0.2 0.583333
6 0.2 0.583333
6 0.2 0.708333
6 0.2 0.416667
6 0.2 0.75
6 0.2 0.708333
6 0.2 0.541667
6 0.2 0.5
6 0.2 0.416667
6 0.2 0.458333
6 0.2 0.833333
6 0.2 0.583333
6 0.2 0.708333
6 0.2 0.541667
6 0.2 0.625
6 0.2 0.541667
6 0.2 0.5
6 0.2 0.541667
6 0.2 0.666667
6 0.2 0.625
6 0.2 0.5
6 0.2 0.541667
6 0.2 0.5
6 0.2 0.625
6 0.2 0.583333
6 0.2 0.625
6 0.2 0.625
6 0.2 0.625
6 0.2 0.75
6 0.2 0.583333
6 0.2 0.666667
6 0.2 0.708333
6 0.2 0.666667
6 0.2 0.541667
6 0.2 0.583333
6 0.2 0.625
6 0.2 0.583333
6 0.2 0.666667
6 0.2 0.541667
6 0.2 0.541667
6 0.2 0.541667
6 0.2 0.541667
6 0.2 0.666667
6 0.2 0.583333
6 0.2 0.583333
6 0.2 0.625
6 0.2 0.625
6 0.2 0.583333
6 0.2 0.5
6 0.2 0.833333
6 0.2 0.5
6 0.2 0.75
6 0.2 0.375
6 0.2 0.666667
6 0.2 0.75
6 0.2 0.583333
6 0.2 0.708333
6 0.2 0.708333
6 0.2 0.666667
6 0.2 0.666667
6 0.2 0.458333
6 0.2 0.5
6 0.2 0.708333
6 0.2 0.5
6 0.2 0.583333
6 0.2 0.583333
6 0.2 0.541667
6 0.2 0.5
6 0.2 0.708333
6 0.2 0.666667
6 0.2 0.625
6 0.2 0.666667
6 0.2 0.541667
6 0.2 0.583333
6 0.2 0.625
6 0.2 0.5
6 0.2 0.75
6 0.2 0.5
6 0.2 0.5
6 0.2 0.625
6 0.2 0.541667
6 0.2 0.75
6 0.2 0.625
6 0.2 0.5
6 0.2 0.791667
6 0.2 0.666667
6 0.2 0.5
6 0.2 0.458333
6 0.2 0.666667
6 0.2 0.333333
6 0.2 0.541667
6 0.2 0.75
6 0.2 0.375
6 0.2 0.75
6 0.2 0.583333
6 0.2 0.541667
6 0.2 0.625
6 0.2 0.666667
6 0.2 0.416667
6 0.2 0.625
6 0.2 0.708333
6 0.2 0.666667
6 0.2 0.666667
6 0.2 0.625
6 0.2 0.75
6 0.2 0.625
6 0.2 0.666667
6 0.2 0.625
6 0.2 0.5
6 0.2 0.5
6 0.2 0.625
6 0.2 0.583333
6 0.2 0.666667
6 0.2 0.541667
6 0.2 0.708333
6 0.2 0.708333
6 0.2 0.666667
6 0.2 0.666667
6 0.2 0.5
6 0.2 0.541667
6 0.2 0.708333
6 0.2 0.541667
6 0.2 0.583333
6 0.2 0.541667
6 0.2 0.625
6 0.2 0.625
6 0.2 0.5
6 0.2 0.541667
6 0.2 0.541667
6 0.2 0.625
6 0.2 0.666667
6 0.2 0.541667
6 0.2 0.708333
6 0.2 0.75
6 0.2 0.625
6 0.2 0.625
6 0.2 0.75
6 0.2 0.541667
6 0.2 0.541667
6 0.2 0.708333
6 0.2 0.708333
6 0.2 0.708333
6 0.2 0.75
6 0.2 0.5
6 0.2 0.583333
6 0.2 0.625
6 0.2 0.625
6 0.2 0.666667
6 0.2 0.75
6 0.2 0.541667
6 0.2 0.541667
6 0.2 0.5
6 0.2 0.541667
6 0.2 0.75
6 0.2 0.583333
6 0.2 0.708333
6 0.2 0.583333
6 0.2 0.583333
6 0.2 0.5
6 0.2 0.458333
6 0.2 0.541667
6 0.2 0.666667
6 0.2 0.75
6 0.2 0.708333
6 0.2 0.541667
6 0.2 0.5
6 0.2 0.583333
6 0.2 0.583333
6 0.2 0.458333
6 0.2 0.666667
6 0.2 0.708333
6 0.2 0.458333
6 0.2 0.583333
6 0.2 0.541667
6 0.2 0.625
6 0.2 0.625
6 0.2 0.541667
6 0.2 0.583333
6 0.2 0.791667
6 0.2 0.625
6 0.2 0.583333
6 0.2 0.666667
6 0.2 0.583333
6 0.2 0.625
6 0.2 0.5
6 0.2 0.541667
6 0.2 0.625
6 0.2 0.75
6 0.2 0.5
6 0.2 0.708333
6 0.2 0.583333
6 0.2 0.625
6 0.2 0.625
6 0.2 0.333333
6 0.2 0.708333
6 0.2 0.75
6 0.2 0.458333
6 0.2 0.583333
6 0.2 0.458333
6 0.2 0.541667
6 0.2 0.541667
6 0.2 0.625
6 0.2 0.708333
6 0.2 0.666667
6 0.2 0.75
6 0.2 0.541667
6 0.2 0.583333
6 0.2 0.708333
6 0.2 0.583333
6 0.2 0.708333
6 0.2 0.666667
6 0.2 0.708333
6 0.2 0.583333
6 0.2 0.583333
6 0.2 0.5
6 0.2 0.708333
6 0.2 0.75
6 0.2 0.583333
6 0.2 0.625
6 0.2 0.708333
6 0.2 0.625
6 0.2 0.75
6 0.2 0.541667
6 0.2 0.541667
6 0.2 0.541667
6 0.2 0.583333
6 0.2 0.5
6 0.2 0.583333
6 0.2 0.625
6 0.2 0.708333
6 0.2 0.625
6 0.2 0.416667
6 0.2 0.75
6 0.2 0.458333
6 0.2 0.583333
6 0.2 0.5
6 0.2 0.625
6 0.2 0.791667
6 0.2 0.625
6 0.2 0.583333
6 0.2 0.5
6 0.2 0.625
6 0.2 0.791667
6 0.2 0.541667
6 0.2 0.708333
6 0.2 0.666667
6 0.2 0.541667
6 0.2 0.541667
6 0.2 0.708333
6 0.2 0.458333
6 0.2 0.666667
6 0.2 0.541667
6 0.2 0.666667
6 0.2 0.666667
6 0.2 0.75
6 0.2 0.583333
6 0.2 0.5
6 0.2 0.708333
6 0.2 0.541667
6 0.2 0.666667
6 0.2 0.583333
6 0.2 0.666667
6 0.2 0.583333
6 0.2 0.625
6 0.2 0.583333
6 0.2 0.583333
6 0.2 0.541667
6 0.2 0.666667
6 0.2 0.625
6 0.2 0.625
6 0.2 0.541667
6 0.2 0.666667
6 0.2 0.583333
6 0.2 0.583333
6 0.2 0.75
6 0.2 0.5
6 0.2 0.541667
6 0.2 0.583333
6 0.2 0.708333
6 0.2 0.5
6 0.2 0.583333
6 0.2 0.375
6 0.2 0.708333
6 0.2 0.75
6 0.2 0.666667
6 0.2 0.75
6 0.2 0.708333
6 0.25 0.75
6 0.25 0.833333
6 0.25 0.75
6 0.25 0.791667
6 0.25 0.708333
6 0.25 0.875
6 0.25 0.708333
6 0.25 0.875
6 0.25 0.708333
6 0.25 0.875
6 0.25 0.708333
6 0.25 0.625
6 0.25 0.833333
6 0.25 0.541667
6 0.25 0.791667
6 0.25 0.625
6 0.25 0.875
6 0.25 0.708333
6 0.25 0.791667
6 0.25 0.625
6 0.25 0.625
6 0.25 0.625
6 0.25 0.833333
6 0.25 0.708333
6 0.25 0.833333
6 0.25 0.708333
6 0.25 0.791667
6 0.25 0.541667
6 0.25 0.75
6 0.25 0.666667
6 0.25 0.875
6 0.25 0.625
6 0.25 0.666667
6 0.25 0.791667
6 0.25 0.625
6 0.25 0.708333
6 0.25 0.875
6 0.25 0.708333
6 0.25 0.708333
6 0.25 0.875
6 0.25 0.625
6 0.25 0.791667
6 0.25 0.791667
6 0.25 0.75
6 0.25 0.666667
6 0.25 0.708333
6 0.25 0.791667
6 0.25 0.666667
6 0.25 0.875
6 0.25 0.666667
6 0.25 0.708333
6 0.25 0.708333
6 0.25 0.708333
6 0.25 0.708333
6 0.25 0.791667
6 0.25 0.833333
6 0.25 0.75
6 0.25 0.583333
6 0.25 0.75
6 0.25 0.833333
6 0.25 0.625
6 0.25 0.666667
6 0.25 0.708333
6 0.25 0.791667
6 0.25 0.541667
6 0.25 0.541667
6 0.25 0.875
6 0.25 0.75
6 0.25 0.791667
6 0.25 0.833333
6 0.25 0.708333
6 0.25 0.833333
6 0.25 0.791667
6 0.25 0.75
6 0.25 0.75
6 0.25 0.791667
6 0.25 0.625
6 0.25 0.666667
6 0.25 0.75
6 0.25 0.708333
6 0.25 0.833333
6 0.25 0.833333
6 0.25 0.791667
6 0.25 0.708333
6 0.25 0.708333
6 0.25 0.708333
6 0.25 0.833333
6 0.25 0.875
6 0.25 0.625
6 0.25 0.791667
6 0.25 0.75
6 0.25 0.625
6 0.25 0.791667
6 0.25 0.833333
6 0.25 0.708333
6 0.25 0.75
6 0.25 0.833333
6 0.25 0.541667
6 0.25 0.666667
6 0.25 0.75
6 0.25 0.833333
6 0.25 0.833333
6 0.25 0.625
6 0.25 0.833333
6 0.25 0.75
6 0.25 0.75
6 0.25 0.708333
6 0.25 0.708333
6 0.25 0.666667
6 0.25 0.791667
6 0.25 0.625
6 0.25 0.875
6 0.25 0.791667
6 0.25 0.625
6 0.25 0.791667
6 0.25 0.625
6 0.25 0.75
6 0.25 0.75
6 0.25 0.791667
6 0.25 0.625
6 0.25 0.708333
6 0.25 0.833333
6 0.25 0.791667
6 0.25 0.625
6 0.25 0.791667
6 0.25 0.708333
6 0.25 0.791667
6 0.25 0.708333
6 0.25 0.75
6 0.25 0.666667
6 0.25 0.708333
6 0.25 0.708333
6 0.25 0.875
6 0.25 0.666667
6 0.25 0.666667
6 0.25 0.666667
6 0.25 0.791667
6 0.25 0.583333
6 0.25 0.708333
6 0.25 0.791667
6 0.25 0.625
6 0.25 0.875
6 0.25 0.791667
6 0.25 0.791667
6 0.25 0.75
6 0.25 0.708333
6 0.25 0.583333
6 0.25 0.833333
6 0.25 0.708333
6 0.25 0.833333
6 0.25 0.833333
6 0.25 0.666667
6 0.25 0.791667
6 0.25 0.625
6 0.25 0.791667
6 0.25 0.833333
6 0.25 0.708333
6 0.25 0.791667
6 0.25 0.583333
6 0.25 0.75
6 0.25 0.625
6 0.25 0.833333
6 0.25 0.791667
6 0.25 0.708333
6 0.25 0.708333
6 0.25 0.75
6 0.25 0.75
6 0.25 0.833333
6 0.25 0.833333
6 0.25 0.708333
6 0.25 0.916667
6 0.25 0.666667
6 0.25 0.708333
6 0.25 0.708333
6 0.25 0.875
6 0.25 0.75
6 0.25 0.75
6 0.25 0.791667
6 0.25 0.791667
6 0.25 0.791667
6 0.25 0.708333
6 0.25 0.833333
6 0.25 0.791667
6 0.25 0.791667
6 0.25 0.666667
6 0.25 0.75
6 0.25 0.541667
6 0.25 0.791667
6 0.25 0.791667
6 0.25 0.791667
6 0.25 0.708333
6 0.25 0.75
6 0.25 0.708333
6 0.25 0.708333
6 0.25 0.666667
6 0.25 0.75
6 0.25 0.625
6 0.25 0.75
6 0.25 0.791667
6 0.25 0.708333
6 0.25 0.75
6 0.25 0.916667
6 0.25 0.833333
6 0.25 0.75
6 0.25 0.666667
6 0.25 0.791667
6 0.25 0.75
6 0.25 0.75
6 0.25 0.791667
6 0.25 0.75
6 0.25 0.791667
6 0.25 0.791667
6 0.25 0.708333
6 0.25 0.666667
6 0.25 0.583333
6 0.25 0.833333
6 0.25 0.875
6 0.25 0.791667
6 0.25 0.833333
6 0.25 0.875
6 0.25 0.708333
6 0.25 0.791667
6 0.25 0.75
6 0.25 0.833333
6 0.25 0.791667
6 0.25 0.666667
6 0.25 0.833333
6 0.25 0.708333
6 0.25 0.541667
6 0.25 0.791667
6 0.25 0.833333
6 0.25 0.875
6 0.25 0.875
6 0.25 0.708333
6 0.25 0.916667
6 0.25 0.75
6 0.25 0.708333
6 0.25 0.708333
6 0.25 0.708333
6 0.25 0.833333
6 0.25 0.833333
6 0.25 0.875
6 0.25 0.875
6 0.25 0.875
6 0.25 0.75
6 0.25 0.875
6 0.25 0.833333
6 0.25 0.791667
6 0.25 0.75
6 0.25 0.791667
6 0.25 0.875
6 0.25 0.666667
6 0.25 0.75
6 0.25 0.75
6 0.25 0.708333
6 0.25 0.833333
6 0.25 0.666667
6 0.25 0.75
6 0.25 0.75
6 0.25 0.791667
6 0.25 0.75
6 0.25 0.791667
6 0.25 0.833333
6 0.25 0.791667
6 0.25 0.833333
6 0.25 0.708333
6 0.25 0.791667
6 0.25 0.791667
6 0.25 0.791667
6 0.25 0.666667
6 0.25 0.666667
6 0.25 0.833333
6 0.25 0.916667
6 0.25 0.875
6 0.25 0.791667
6 0.25 0.833333
6 0.25 0.791667
6 0.25 0.791667
6 0.25 0.666667
6 0.25 0.833333
6 0.25 0.791667
6 0.25 0.75
6 0.25 0.75
6 0.25 0.833333
6 0.25 0.833333
6 0.25 0.791667
6 0.25 0.833333
6 0.25 0.666667
6 0.25 0.791667
6 0.25 0.833333
6 0.25 0.708333
6 0.25 0.708333
6 0.25 0.791667
6 0.25 0.583333
6 0.25 0.791667
6 0.25 0.666667
6 0.25 0.583333
6 0.25 0.875
6 0.25 0.75
6 0.25 0.625
6 0.25 0.791667
6 0.25 0.666667
6 0.25 0.708333
6 0.25 0.666667
6 0.25 0.791667
6 0.25 0.666667
6 0.25 0.625
6 0.25 0.708333
6 0.25 0.791667
6 0.25 0.875
6 0.25 0.666667
6 0.25 0.625
6 0.25 0.833333
6 0.25 0.75
6 0.25 0.625
6 0.25 0.416667
6 0.25 0.625
6 0.25 0.75
6 0.25 0.791667
6 0.25 0.791667
6 0.25 0.875
6 0.25 0.833333
6 0.25 0.75
6 0.25 0.666667
6 0.25 0.666667
6 0.25 0.666667
6 0.25 0.833333
6 0.25 0.75
6 0.25 0.75
6 0.25 0.541667
6 0.25 0.708333
6 0.25 0.708333
6 0.25 0.833333
6 0.25 0.625
6 0.25 0.75
6 0.25 0.833333
6 0.25 0.625
6 0.25 0.708333
6 0.25 0.75
6 0.25 0.833333
6 0.25 0.916667
6 0.25 0.75
6 0.25 0.666667
6 0.25 0.75
6 0.25 0.791667
6 0.25 0.791667
6 0.25 0.666667
6 0.25 0.75
6 0.25 0.875
6 0.25 0.791667
6 0.25 0.875
6 0.25 0.833333
6 0.25 0.625
6 0.25 0.833333
6 0.25 0.708333
6 0.25 0.75
6 0.25 0.666667
6 0.25 0.708333
6 0.25 0.75
6 0.25 0.791667
6 0.3 0.875
6 0.3 0.791667
6 0.3 0.875
6 0.3 0.916667
6 0.3 0.708333
6 0.3 1
6 0.3 0.875
6 0.3 0.75
6 0.3 0.875
6 0.3 0.833333
6 0.3 0.875
6 0.3 0.916667
6 0.3 0.833333
6 0.3 0.916667
6 0.3 1
6 0.3 0.916667
6 0.3 0.958333
6 0.3 0.916667
6 0.3 0.875
6 0.3 0.666667
6 0.3 0.916667
6 0.3 0.875
6 0.3 0.875
6 0.3 0.833333
6 0.3 0.833333
6 0.3 0.791667
6 0.3 0.958333
6 0.3 0.916667
6 0.3 0.916667
6 0.3 0.708333
6 0.3 0.791667
6 0.3 0.916667
6 0.3 0.875
6 0.3 0.875
6 0.3 1
6 0.3 0.833333
6 0.3 0.833333
6 0.3 0.916667
6 0.3 0.875
6 0.3 0.916667
6 0.3 0.875
6 0.3 0.916667
6 0.3 0.875
6 0.3 0.875
6 0.3 0.75
6 0.3 0.958333
6 0.3 0.833333
6 0.3 0.958333
6 0.3 0.916667
6 0.3 0.75
6 0.3 0.875
6 0.3 0.875
6 0.3 0.833333
6 0.3 0.833333
6 0.3 0.958333
6 0.3 0.833333
6 0.3 0.958333
6 0.3 0.875
6 0.3 0.916667
6 0.3 0.958333
6 0.3 0.791667
6 0.3 0.875
6 0.3 0.875
6 0.3 0.916667
6 0.3 0.916667
6 0.3 0.916667
6 0.3 0.875
6 0.3 0.958333
6 0.3 0.916667
6 0.3 0.875
6 0.3 0.833333
6 0.3 0.916667
6 0.3 0.875
6 0.3 0.833333
6 0.3 0.916667
6 0.3 0.875
6 0.3 0.833333
6 0.3 0.833333
6 0.3 0.916667
6 0.3 0.916667
6 0.3 0.916667
6 0.3 0.958333
6 0.3 0.791667
6 0.3 0.875
6 0.3 0.833333
6 0.3 0.833333
6 0.3 0.916667
6 0.3 0.875
6 0.3 0.875
6 0.3 0.833333
6 0.3 0.875
6 0.3 0.916667
6 0.3 0.916667
6 0.3 0.833333
6 0.3 0.875
6 0.3 0.833333
6 0.3 0.833333
6 0.3 0.916667
6 0.3 0.916667
6 0.3 0.833333
6 0.3 0.916667
6 0.3 0.833333
6 0.3 0.791667
6 0.3 1
6 0.3 0.916667
6 0.3 0.875
6 0.3 1
6 0.3 0.875
6 0.3 0.75
6 0.3 0.916667
6 0.3 0.833333
6 0.3 0.875
6 0.3 0.875
6 0.3 0.75
6 0.3 0.833333
6 0.3 0.958333
6 0.3 0.875
6 0.3 0.791667
6 0.3 0.958333
6 0.3 0.958333
6 0.3 0.916667
6 0.3 0.875
6 0.3 1
6 0.3 0.875
6 0.3 0.958333
6 0.3 0.958333
6 0.3 0.916667
6 0.3 0.875
6 0.3 0.791667
6 0.3 0.916667
6 0.3 0.916667
6 0.3 0.916667
6 0.3 0.875
6 0.3 0.75
6 0.3 0.958333
6 0.3 0.875
6 0.3 0.916667
6 0.3 0.916667
6 0.3 0.916667
6 0.3 0.958333
6 0.3 0.916667
6 0.3 0.958333
6 0.3 0.791667
6 0.3 0.958333
6 0.3 0.916667
6 0.3 0.875
6 0.3 0.833333
6 0.3 0.791667
6 0.3 0.875
6 0.3 0.916667
6 0.3 0.833333
6 0.3 0.958333
6 0.3 0.833333
6 0.3 0.791667
6 0.3 0.875
6 0.3 1
6 0.3 0.875
6 0.3 0.833333
6 0.3 0.791667
6 0.3 0.875
6 0.3 0.916667
6 0.3 0.875
6 0.3 0.958333
6 0.3 0.958333
6 0.3 1
6 0.3 0.875
6 0.3 0.875
6 0.3 0.875
6 0.3 0.791667
6 0.3 0.958333
6 0.3 0.916667
6 0.3 0.791667
6 0.3 0.791667
6 0.3 0.875
6 0.3 0.75
6 0.3 0.875
6 0.3 0.875
6 0.3 0.833333
6 0.3 0.875
6 0.3 0.875
6 0.3 0.958333
6 0.3 0.875
6 0.3 0.791667
6 0.3 0.958333
6 0.3 0.833333
6 0.3 1
6 0.3 0.875
6 0.3 0.833333
6 0.3 0.916667
6 0.3 0.916667
6 0.3 0.958333
6 0.3 0.791667
6 0.3 0.875
6 0.3 0.833333
6 0.3 0.916667
6 0.3 0.916667
6 0.3 0.791667
6 0.3 0.833333
6 0.3 0.916667
6 0.3 0.875
6 0.3 0.875
6 0.3 0.791667
6 0.3 0.833333
6 0.3 0.791667
6 0.3 0.875
6 0.3 0.833333
6 0.3 0.833333
6 0.3 0.875
6 0.3 0.875
6 0.3 0.833333
6 0.3 0.833333
6 0.3 0.958333
6 0.3 0.916667
6 0.3 0.916667
6 0.3 0.916667
6 0.3 0.875
6 0.3 1
6 0.3 0.833333
6 0.3 0.958333
6 0.3 0.958333
6 0.3 0.875
6 0.3 0.875
6 0.3 0.958333
6 0.3 0.916667
6 0.3 1
6 0.3 0.916667
6 0.3 0.791667
6 0.3 0.916667
6 0.3 0.833333
6 0.3 0.833333
6 0.3 0.791667
6 0.3 0.833333
6 0.3 0.75
6 0.3 0.916667
6 0.3 0.875
6 0.3 0.958333
6 0.3 0.916667
6 0.3 0.833333
6 0.3 1
6 0.3 0.875
6 0.3 0.916667
6 0.3 0.916667
6 0.3 0.916667
6 0.3 0.916667
6 0.3 0.916667
6 0.3 0.75
6 0.3 0.833333
6 0.3 0.875
6 0.3 0.958333
6 0.3 0.875
6 0.3 0.916667
6 0.3 0.958333
6 0.3 0.833333
6 0.3 0.916667
6 0.3 0.916667
6 0.3 0.958333
6 0.3 0.958333
6 0.3 0.916667
6 0.3 0.708333
6 0.3 0.958333
6 0.3 0.875
6 0.3 0.916667
6 0.3 0.958333
6 0.3 0.708333
6 0.3 0.791667
6 0.3 0.875
6 0.3 0.958333
6 0.3 0.791667
6 0.3 0.916667
6 0.3 0.916667
6 0.3 0.916667
6 0.3 0.708333
6 0.3 0.791667
6 0.3 0.791667
6 0.3 0.833333
6 0.3 0.916667
6 0.3 0.875
6 0.3 0.791667
6 0.3 0.916667
6 0.3 0.875
6 0.3 0.833333
6 0.3 0.916667
6 0.3 0.958333
6 0.3 0.916667
6 0.3 0.875
6 0.3 0.875
6 0.3 0.916667
6 0.3 0.958333
6 0.3 0.791667
6 0.3 0.875
6 0.3 1
6 0.3 0.875
6 0.3 0.916667
6 0.3 0.958333
6 0.3 0.958333
6 0.3 0.833333
6 0.3 0.916667
6 0.3 0.833333
6 0.3 0.916667
6 0.3 0.916667
6 0.3 1
6 0.3 0.875
6 0.3 1
6 0.3 0.875
6 0.3 0.916667
6 0.3 0.875
6 0.3 0.916667
6 0.3 0.791667
6 0.3 0.833333
6 0.3 0.833333
6 0.3 0.875
6 0.3 0.791667
6 0.3 0.833333
6 0.3 0.916667
6 0.3 0.791667
6 0.3 0.875
6 0.3 0.875
6 0.3 0.875
6 0.3 0.916667
6 0.3 0.875
6 0.3 0.833333
6 0.3 1
6 0.3 0.916667
6 0.3 0.916667
6 0.3 0.958333
6 0.3 0.833333
6 0.3 0.833333
6 0.3 0.916667
6 0.3 0.875
6 0.3 0.916667
6 0.3 0.916667
6 0.3 1
6 0.3 0.875
6 0.3 0.875
6 0.3 0.875
6 0.3 0.916667
6 0.3 0.875
6 0.3 0.916667
6 0.3 0.875
6 0.3 0.916667
6 0.3 0.916667
6 0.3 0.916667
6 0.3 0.875
6 0.3 0.875
6 0.3 0.875
6 0.3 0.875
6 0.3 0.875
6 0.3 0.833333
6 0.3 0.916667
6 0.3 0.916667
6 0.3 0.833333
6 0.3 0.875
6 0.3 0.833333
6 0.3 0.833333
6 0.3 0.916667
6 0.3 0.791667
6 0.3 0.875
6 0.3 0.916667
6 0.3 0.958333
6 0.3 0.916667
6 0.35 0.916667
6 0.35 0.958333
6 0.35 1
6 0.35 0.958333
6 0.35 1
6 0.35 0.791667
6 0.35 1
6 0.35 0.958333
6 0.35 1
6 0.35 0.916667
6 0.35 0.958333
6 0.35 1
6 0.35 0.916667
6 0.35 0.958333
6 0.35 1
6 0.35 0.916667
6 0.35 1
6 0.35 0.958333
6 0.35 1
6 0.35 0.916667
6 0.35 1
6 0.35 0.958333
6 0.35 1
6 0.35 0.958333
6 0.35 0.958333
6 0.35 1
6 0.35 1
6 0.35 0.958333
6 0.35 0.958333
6 0.35 0.958333
6 0.35 0.958333
6 0.35 0.875
6 0.35 0.958333
6 0.35 0.875
6 0.35 0.958333
6 0.35 1
6 0.35 0.958333
6 0.35 0.916667
6 0.35 0.916667
6 0.35 1
6 0.35 0.958333
6 0.35 1
6 0.35 1
6 0.35 0.958333
6 0.35 0.958333
6 0.35 1
6 0.35 0.958333
6 0.35 0.958333
6 0.35 0.958333
6 0.35 0.958333
6 0.35 0.958333
6 0.35 0.958333
6 0.35 1
6 0.35 1
6 0.35 1
6 0.35 1
6 0.35 0.958333
6 0.35 1
6 0.35 0.958333
6 0.35 1
6 0.35 0.958333
6 0.35 0.958333
6 0.35 0.916667
6 0.35 1
6 0.35 0.958333
6 0.35 1
6 0.35 0.916667
6 0.35 1
6 0.35 0.916667
6 0.35 0.958333
6 0.35 0.875
6 0.35 0.958333
6 0.35 1
6 0.35 0.916667
6 0.35 1
6 0.35 0.875
6 0.35 0.916667
6 0.35 1
6 0.35 1
6 0.35 0.958333
6 0.35 0.916667
6 0.35 1
6 0.35 1
6 0.35 0.958333
6 0.35 0.958333
6 0.35 1
6 0.35 1
6 0.35 0.916667
6 0.35 0.875
6 0.35 0.958333
6 0.35 0.958333
6 0.35 0.916667
6 0.35 0.958333
6 0.35 0.958333
6 0.35 0.916667
6 0.35 0.958333
6 0.35 0.958333
6 0.35 0.958333
6 0.35 0.958333
6 0.35 1
6 0.35 0.916667
6 0.35 0.916667
6 0.35 1
6 0.35 1
6 0.35 0.958333
6 0.35 1
6 0.35 1
6 0.35 0.916667
6 0.35 1
6 0.35 1
6 0.35 1
6 0.35 1
6 0.35 1
6 0.35 1
6 0.35 1
6 0.35 0.916667
6 0.35 1
6 0.35 0.958333
6 0.35 1
6 0.35 1
6 0.35 1
6 0.35 0.916667
6 0.35 0.958333
6 0.35 0.958333
6 0.35 1
6 0.35 1
6 0.35 0.958333
6 0.35 1
6 0.35 1
6 0.35 0.958333
6 0.35 0.958333
6 0.35 1
6 0.35 1
6 0.35 1
6 0.35 1
6 0.35 0.958333
6 0.35 1
6 0.35 1
6 0.35 1
6 0.35 1
6 0.35 0.958333
6 0.35 0.875
6 0.35 0.958333
6 0.35 0.958333
6 0.35 0.916667
6 0.35 1
6 0.35 1
6 0.35 1
6 0.35 0.916667
6 0.35 1
6 0.35 1
6 0.35 1
6 0.35 1
6 0.35 1
6 0.35 1
6 0.35 1
6 0.35 1
6 0.35 1
6 0.35 1
6 0.35 0.958333
6 0.35 0.916667
6 0.35 1
6 0.35 1
6 0.35 1
6 0.35 1
6 0.35 0.958333
6 0.35 1
6 0.35 0.958333
6 0.35 1
6 0.35 1
6 0.35 0.958333
6 0.35 1
6 0.35 1
6 0.35 0.916667
6 0.35 1
6 0.35 0.958333
6 0.35 0.916667
6 0.35 0.875
6 0.35 0.958333
6 0.35 0.958333
6 0.35 0.958333
6 0.35 0.916667
6 0.35 1
6 0.35 0.958333
6 0.35 0.916667
6 0.35 1
6 0.35 1
6 0.35 1
6 0.35 0.958333
6 0.35 0.958333
6 0.35 0.958333
6 0.35 1
6 0.35 0.875
6 0.35 0.958333
6 0.35 1
6 0.35 1
6 0.35 0.916667
6 0.35 1
6 0.35 0.875
6 0.35 1
6 0.35 1
6 0.35 0.958333
6 0.35 0.958333
6 0.35 0.916667
6 0.35 0.958333
6 0.35 0.958333
6 0.35 0.958333
6 0.35 1
6 0.35 0.916667
6 0.35 1
6 0.35 0.916667
6 0.35 0.875
6 0.35 1
6 0.35 0.958333
6 0.35 1
6 0.35 0.916667
6 0.35 1
6 0.35 0.958333
6 0.35 1
6 0.35 0.958333
6 0.35 1
6 0.35 1
6 0.35 1
6 0.35 1
6 0.35 1
6 0.35 0.958333
6 0.35 1
6 0.35 1
6 0.35 0.958333
6 0.35 0.958333
6 0.35 1
6 0.35 0.958333
6 0.35 1
6 0.35 1
6 0.35 1
6 0.35 0.916667
6 0.35 0.958333
6 0.35 0.958333
6 0.35 1
6 0.35 1
6 0.35 1
6 0.35 1
6 0.35 0.833333
6 0.35 1
6 0.35 0.958333
6 0.35 0.958333
6 0.35 0.916667
6 0.35 0.958333
6 0.35 0.916667
6 0.35 0.875
6 0.35 1
6 0.35 0.916667
6 0.35 1
6 0.35 0.875
6 0.35 0.916667
6 0.35 0.958333
6 0.35 0.916667
6 0.35 1
6 0.35 0.958333
6 0.35 0.875
6 0.35 1
6 0.35 0.958333
6 0.35 1
6 0.35 0.958333
6 0.35 1
6 0.35 0.958333
6 0.35 0.916667
6 0.35 0.958333
6 0.35 1
6 0.35 1
6 0.35 1
6 0.35 1
6 0.35 1
6 0.35 1
6 0.35 1
6 0.35 0.958333
6 0.35 0.916667
6 0.35 0.958333
6 0.35 0.916667
6 0.35 0.958333
6 0.35 0.958333
6 0.35 1
6 0.35 0.916667
6 0.35 1
6 0.35 1
6 0.35 0.916667
6 0.35 0.916667
6 0.35 0.916667
6 0.35 0.958333
6 0.35 1
6 0.35 0.916667
6 0.35 1
6 0.35 1
6 0.35 1
6 0.35 0.916667
6 0.35 0.958333
6 0.35 0.916667
6 0.35 1
6 0.35 0.958333
6 0.35 0.958333
6 0.35 1
6 0.35 0.958333
6 0.35 0.958333
6 0.35 1
6 0.35 1
6 0.35 0.958333
6 0.35 0.958333
6 0.35 1
6 0.35 1
6 0.35 0.875
6 0.35 1
6 0.35 0.916667
6 0.35 1
6 0.35 0.958333
6 0.35 0.958333
6 0.35 0.916667
6 0.35 1
6 0.35 0.958333
6 0.35 1
6 0.35 1
6 0.35 0.958333
6 0.35 1
6 0.35 0.958333
6 0.35 0.958333
6 0.35 1
6 0.35 0.958333
6 0.35 0.916667
6 0.35 0.916667
6 0.35 1
6 0.35 1
6 0.35 0.916667
6 0.35 0.958333
6 0.35 0.958333
6 0.35 0.958333
6 0.35 0.958333
6 0.35 0.875
6 0.35 0.916667
6 0.35 0.958333
6 0.35 0.958333
6 0.35 0.958333
6 0.35 1
6 0.35 0.875
6 0.35 0.958333
6 0.35 1
6 0.35 0.916667
6 0.35 0.958333
6 0.35 0.916667
6 0.35 1
6 0.35 1
6 0.35 1
6 0.35 0.958333
6 0.35 0.916667
6 0.35 0.958333
6 0.35 0.958333
6 0.35 0.916667
6 0.35 1
6 0.35 0.958333
6 0.35 0.958333
6 0.35 1
6 0.35 1
6 0.4 1
6 0.4 1
6 0.4 1
6 0.4 1
6 0.4 0.958333
6 0.4 1
6 0.4 1
6 0.4 0.958333
6 0.4 1
6 0.4 1
6 0.4 1
6 0.4 1
6 0.4 1
6 0.4 1
6 0.4 1
6 0.4 1
6 0.4 0.958333
6 0.4 0.916667
6 0.4 1
6 0.4 1
6 0.4 1
6 0.4 0.958333
6 0.4 1
6 0.4 1
6 0.4 1
6 0.4 0.916667
6 0.4 1
6 0.4 1
6 0.4 1
6 0.4 1
6 0.4 0.916667
6 0.4 1
6 0.4 1
6 0.4 1
6 0.4 1
6 0.4 0.958333
6 0.4 1
6 0.4 1
6 0.4 0.958333
6 0.4 1
6 0.4 1
6 0.4 1
6 0.4 1
6 0.4 1
6 0.4 1
6 0.4 1
6 0.4 1
6 0.4 1
6 0.4 1
6 0.4 1
6 0.4 1
6 0.4 1
6 0.4 1
6 0.4 0.958333
6 0.4 1
6 0.4 1
6 0.4 1
6 0.4 1
6 0.4 1
6 0.4 1
6 0.4 1
6 0.4 1
6 0.4 1
6 0.4 0.958333
6 0.4 1
6 0.4 1
6 0.4 1
6 0.4 1
6 0.4 0.916667
6 0.4 1
6 0.4 1
6 0.4 1
6 0.4 0.916667
6 0.4 1
6 0.4 0.958333
6 0.4 1
6 0.4 1
6 0.4 0.916667
6 0.4 1
6 0.4 0.958333
6 0.4 1
6 0.4 1
6 0.4 1
6 0.4 1
6 0.4 1
6 0.4 1
6 0.4 1
6 0.4 0.958333
6 0.4 0.958333
6 0.4 1
6 0.4 0.958333
6 0.4 0.916667
6 0.4 0.916667
6 0.4 1
6 0.4 1
6 0.4 1
6 0.4 1
6 0.4 1
6 0.4 1
6 0.4 1
6 0.4 1
6 0.4 1
6 0.4 1
6 0.4 1
6 0.4 1
6 0.4 1
6 0.4 1
6 0.4 1
6 0.4 1
6 0.4 0.958333
6 0.4 1
6 0.4 0.958333
6 0.4 0.958333
6 0.4 1
6 0.4 1
6 0.4 1
6 0.4 1
6 0.4 1
6 0.4 0.958333
6 0.4 1
6 0.4 1
6 0.4 1
6 0.4 1
6 0.4 1
6 0.4 1
6 0.4 1
6 0.4 1
6 0.4 0.958333
6 0.4 1
6 0.4 1
6 0.4 1
6 0.4 0.958333
6 0.4 0.958333
6 0.4 1
6 0.4 1
6 0.4 1
6 0.4 1
6 0.4 1
6 0.4 1
6 0.4 0.958333
6 0.4 1
6 0.4 1
6 0.4 1
6 0.4 0.958333
6 0.4 0.958333
6 0.4 1
6 0.4 1
6 0.4 0.958333
6 0.4 1
6 0.4 1
6 0.4 0.958333
6 0.4 0.958333
6 0.4 0.958333
6 0.4 1
6 0.4 1
6 0.4 1
6 0.4 1
6 0.4 1
6 0.4 1
6 0.4 1
6 0.4 1
6 0.4 1
6 0.4 1
6 0.4 1
6 0.4 1
6 0.4 1
6 0.4 1
6 0.4 1
6 0.4 1
6 0.4 1
6 0.4 0.958333
6 0.4 1
6 0.4 1
6 0.4 0.958333
6 0.4 1
6 0.4 1
6 0.4 0.958333
6 0.4 0.958333
6 0.4 0.958333
6 0.4 1
6 0.4 1
6 0.4 1
6 0.4 0.958333
6 0.4 1
6 0.4 0.958333
6 0.4 0.958333
6 0.4 0.958333
6 0.4 1
6 0.4 1
6 0.4 1
6 0.4 1
6 0.4 1
6 0.4 1
6 0.4 1
6 0.4 1
6 0.4 0.916667
6 0.4 0.958333
6 0.4 0.958333
6 0.4 1
6 0.4 0.958333
6 0.4 1
6 0.4 0.958333
6 0.4 1
6 0.4 1
6 0.4 0.958333
6 0.4 0.958333
6 0.4 1
6 0.4 1
6 0.4 1
6 0.4 0.958333
6 0.4 0.958333
6 0.4 1
6 0.4 1
6 0.4 1
6 0.4 1
6 0.4 0.958333
6 0.4 1
6 0.4 1
6 0.4 1
6 0.4 1
6 0.4 1
6 0.4 1
6 0.4 1
6 0.4 0.958333
6 0.4 1
6 0.4 0.958333
6 0.4 1
6 0.4 1
6 0.4 0.958333
6 0.4 1
6 0.4 1
6 0.4 1
6 0.4 1
6 0.4 1
6 0.4 1
6 0.4 1
6 0.4 0.958333
6 0.4 1
6 0.4 1
6 0.4 1
6 0.4 0.958333
6 0.4 1
6 0.4 1
6 0.4 1
6 0.4 1
6 0.4 1
6 0.4 1
6 0.4 1
6 0.4 1
6 0.4 0.958333
6 0.4 0.958333
6 0.4 1
6 0.4 1
6 0.4 1
6 0.4 1
6 0.4 1
6 0.4 1
6 0.4 1
6 0.4 1
6 0.4 0.958333
6 0.4 1
6 0.4 1
6 0.4 1
6 0.4 0.958333
6 0.4 1
6 0.4 1
6 0.4 1
6 0.4 1
6 0.4 0.958333
6 0.4 1
6 0.4 1
6 0.4 1
6 0.4 1
6 0.4 1
6 0.4 0.958333
6 0.4 1
6 0.4 0.958333
6 0.4 0.958333
6 0.4 1
6 0.4 1
6 0.4 1
6 0.4 1
6 0.4 0.958333
6 0.4 1
6 0.4 0.958333
6 0.4 0.958333
6 0.4 1
6 0.4 1
6 0.4 1
6 0.4 1
6 0.4 1
6 0.4 1
6 0.4 1
6 0.4 1
6 0.4 0.958333
6 0.4 1
6 0.4 0.958333
6 0.4 1
6 0.4 1
6 0.4 0.958333
6 0.4 1
6 0.4 1
6 0.4 1
6 0.4 0.958333
6 0.4 1
6 0.4 1
6 0.4 0.958333
6 0.4 1
6 0.4 0.916667
6 0.4 1
6 0.4 1
6 0.4 1
6 0.4 0.958333
6 0.4 1
6 0.4 0.958333
6 0.4 1
6 0.4 1
6 0.4 0.958333
6 0.4 1
6 0.4 1
6 0.4 0.916667
6 0.4 1
6 0.4 1
6 0.4 0.958333
6 0.4 1
6 0.4 1
6 0.4 1
6 0.4 0.958333
6 0.4 1
6 0.4 1
6 0.4 1
6 0.4 1
6 0.4 1
6 0.4 0.958333
6 0.4 1
6 0.4 1
6 0.4 1
6 0.4 1
6 0.4 0.958333
6 0.4 0.958333
6 0.4 1
6 0.4 0.958333
6 0.4 1
6 0.4 1
6 0.4 1
6 0.4 1
6 0.4 1
6 0.4 0.958333
6 0.4 1
6 0.4 1
6 0.4 1
6 0.4 0.958333
6 0.4 0.958333
6 0.4 1
6 0.4 1
6 0.4 1
6 0.4 0.958333
6 0.4 0.958333
6 0.4 1
6 0.4 1
6 0.45 1
6 0.45 1
6 0.45 1
6 0.45 0.958333
6 0.45 1
6 0.45 1
6 0.45 1
6 0.45 1
6 0.45 1
6 0.45 1
6 0.45 1
6 0.45 1
6 0.45 1
6 0.45 1
6 0.45 1
6 0.45 1
6 0.45 1
6 0.45 1
6 0.45 1
6 0.45 1
6 0.45 0.958333
6 0.45 1
6 0.45 1
6 0.45 1
6 0.45 1
6 0.45 1
6 0.45 0.958333
6 0.45 1
6 0.45 1
6 0.45 1
6 0.45 1
6 0.45 1
6 0.45 1
6 0.45 1
6 0.45 0.958333
6 0.45 1
6 0.45 1
6 0.45 1
6 0.45 1
6 0.45 0.958333
6 0.45 1
6 0.45 0.958333
6 0.45 1
6 0.45 1
6 0.45 1
6 0.45 1
6 0.45 1
6 0.45 1
6 0.45 1
6 0.45 1
6 0.45 1
6 0.45 0.916667
6 0.45 1
6 0.45 1
6 0.45 1
6 0.45 0.958333
6 0.45 1
6 0.45 1
6 0.45 1
6 0.45 1
6 0.45 1
6 0.45 1
6 0.45 1
6 0.45 0.958333
6 0.45 1
6 0.45 1
6 0.45 1
6 0.45 1
6 0.45 1
6 0.45 1
6 0.45 1
6 0.45 1
6 0.45 1
6 0.45 1
6 0.45 1
6 0.45 1
6 0.45 1
6 0.45 1
6 0.45 1
6 0.45 1
6 0.45 1
6 0.45 1
6 0.45 1
6 0.45 1
6 0.45 1
6 0.45 0.958333
6 0.45 0.958333
6 0.45 1
6 0.45 0.958333
6 0.45 1
6 0.45 1
6 0.45 1
6 0.45 1
6 0.45 0.958333
6 0.45 1
6 0.45 1
6 0.45 1
6 0.45 1
6 0.45 1
6 0.45 0.958333
6 0.45 1
6 0.45 1
6 0.45 1
6 0.45 1
6 0.45 1
6 0.45 0.958333
6 0.45 1
6 0.45 1
6 0.45 1
6 0.45 0.958333
6 0.45 1
6 0.45 1
6 0.45 1
6 0.45 1
6 0.45 1
6 0.45 1
6 0.45 1
6 0.45 1
6 0.45 1
6 0.45 1
6 0.45 1
6 0.45 1
6 0.45 1
6 0.45 1
6 0.45 1
6 0.45 1
6 0.45 1
6 0.45 1
6 0.45 1
6 0.45 1
6 0.45 1
6 0.45 0.958333
6 0.45 1
6 0.45 1
6 0.45 0.958333
6 0.45 1
6 0.45 1
6 0.45 0.958333
6 0.45 0.958333
6 0.45 1
6 0.45 1
6 0.45 1
6 0.45 1
6 0.45 1
6 0.45 1
6 0.45 1
6 0.45 1
6 0.45 0.958333
6 0.45 1
6 0.45 1
6 0.45 1
6 0.45 1
6 0.45 1
6 0.45 1
6 0.45 1
6 0.45 1
6 0.45 1
6 0.45 0.916667
6 0.45 1
6 0.45 1
6 0.45 1
6 0.45 1
6 0.45 1
6 0.45 1
6 0.45 1
6 0.45 1
6 0.45 1
6 0.45 1
6 0.45 1
6 0.45 1
6 0.45 1
6 0.45 1
6 0.45 1
6 0.45 1
6 0.45 1
6 0.45 1
6 0.45 1
6 0.45 1
6 0.45 0.958333
6 0.45 1
6 0.45 1
6 0.45 1
6 0.45 1
6 0.45 1
6 0.45 1
6 0.45 1
6 0.45 1
6 0.45 1
6 0.45 1
6 0.45 1
6 0.45 0.958333
6 0.45 1
6 0.45 1
6 0.45 1
6 0.45 1
6 0.45 1
6 0.45 1
6 0.45 1
6 0.45 1
6 0.45 1
6 0.45 1
6 0.45 1
6 0.45 1
6 0.45 0.958333
6 0.45 1
6 0.45 1
6 0.45 0.958333
6 0.45 1
6 0.45 1
6 0.45 1
6 0.45 1
6 0.45 1
6 0.45 1
6 0.45 1
6 0.45 1
6 0.45 0.958333
6 0.45 1
6 0.45 1
6 0.45 1
6 0.45 1
6 0.45 1
6 0.45 1
6 0.45 1
6 0.45 1
6 0.45 1
6 0.45 1
6 0.45 1
6 0.45 1
6 0.45 1
6 0.45 1
6 0.45 0.958333
6 0.45 0.958333
6 0.45 1
6 0.45 1
6 0.45 1
6 0.45 1
6 0.45 1
6 0.45 0.958333
6 0.45 1
6 0.45 0.958333
6 0.45 1
6 0.45 1
6 0.45 1
6 0.45 1
6 0.45 1
6 0.45 1
6 0.45 0.958333
6 0.45 1
6 0.45 1
6 0.45 1
6 0.45 1
6 0.45 1
6 0.45 1
6 0.45 1
6 0.45 1
6 0.45 1
6 0.45 1
6 0.45 1
6 0.45 0.958333
6 0.45 1
6 0.45 1
6 0.45 1
6 0.45 1
6 0.45 1
6 0.45 1
6 0.45 1
6 0.45 1
6 0.45 0.958333
6 0.45 0.958333
6 0.45 1
6 0.45 1
6 0.45 1
6 0.45 1
6 0.45 0.958333
6 0.45 1
6 0.45 1
6 0.45 1
6 0.45 1
6 0.45 1
6 0.45 1
6 0.45 1
6 0.45 1
6 0.45 1
6 0.45 1
6 0.45 1
6 0.45 1
6 0.45 1
6 0.45 0.958333
6 0.45 1
6 0.45 1
6 0.45 1
6 0.45 1
6 0.45 1
6 0.45 1
6 0.45 0.958333
6 0.45 0.958333
6 0.45 1
6 0.45 1
6 0.45 1
6 0.45 1
6 0.45 0.958333
6 0.45 1
6 0.45 1
6 0.45 1
6 0.45 1
6 0.45 1
6 0.45 1
6 0.45 1
6 0.45 1
6 0.45 1
6 0.45 1
6 0.45 1
6 0.45 1
6 0.45 1
6 0.45 1
6 0.45 1
6 0.45 1
6 0.45 1
6 0.45 1
6 0.45 0.958333
6 0.45 0.958333
6 0.45 0.958333
6 0.45 1
6 0.45 1
6 0.45 1
6 0.45 1
6 0.45 1
6 0.45 1
6 0.45 1
6 0.45 1
6 0.45 1
6 0.45 1
6 0.45 1
6 0.45 1
6 0.45 1
6 0.45 1
6 0.45 1
6 0.45 1
6 0.45 1
6 0.45 1
6 0.45 1
6 0.45 0.958333
6 0.45 1
6 0.45 1
6 0.45 0.958333
6 0.45 1
6 0.45 0.958333
6 0.45 1
6 0.45 1
6 0.45 1
6 0.45 1
6 0.45 1
6 0.45 1
6 0.45 1
6 0.45 1
6 0.45 1
6 0.45 1
6 0.45 0.958333
6 0.45 0.958333
6 0.45 1
6 0.5 1
6 0.5 1
6 0.5 1
6 0.5 1
6 0.5 1
6 0.5 1
6 0.5 1
6 0.5 1
6 0.5 1
6 0.5 1
6 0.5 1
6 0.5 1
6 0.5 1
6 0.5 1
6 0.5 1
6 0.5 1
6 0.5 1
6 0.5 1
6 0.5 1
6 0.5 1
6 0.5 1
6 0.5 1
6 0.5 1
6 0.5 1
6 0.5 1
6 0.5 1
6 0.5 1
6 0.5 1
6 0.5 1
6 0.5 1
6 0.5 1
6 0.5 1
6 0.5 1
6 0.5 1
6 0.5 1
6 0.5 1
6 0.5 1
6 0.5 1
6 0.5 1
6 0.5 1
6 0.5 1
6 0.5 1
6 0.5 1
6 0.5 1
6 0.5 1
6 0.5 1
6 0.5 1
6 0.5 1
6 0.5 1
6 0.5 1
6 0.5 1
6 0.5 1
6 0.5 1
6 0.5 1
6 0.5 1
6 0.5 1
6 0.5 1
6 0.5 1
6 0.5 1
6 0.5 1
6 0.5 1
6 0.5 1
6 0.5 1
6 0.5 1
6 0.5 0.958333
6 0.5 1
6 0.5 1
6 0.5 1
6 0.5 1
6 0.5 1
6 0.5 1
6 0.5 1
6 0.5 1
6 0.5 0.958333
6 0.5 1
6 0.5 1
6 0.5 1
6 0.5 1
6 0.5 1
6 0.5 1
6 0.5 1
6 0.5 1
6 0.5 0.958333
6 0.5 1
6 0.5 1
6 0.5 1
6 0.5 1
6 0.5 1
6 0.5 1
6 0.5 1
6 0.5 1
6 0.5 1
6 0.5 1
6 0.5 1
6 0.5 1
6 0.5 1
6 0.5 1
6 0.5 1
6 0.5 1
6 0.5 1
6 0.5 1
6 0.5 1
6 0.5 1
6 0.5 1
6 0.5 1
6 0.5 1
6 0.5 1
6 0.5 1
6 0.5 1
6 0.5 1
6 0.5 1
6 0.5 1
6 0.5 1
6 0.5 1
6 0.5 1
6 0.5 1
6 0.5 1
6 0.5 1
6 0.5 1
6 0.5 1
6 0.5 1
6 0.5 1
6 0.5 1
6 0.5 1
6 0.5 1
6 0.5 1
6 0.5 1
6 0.5 1
6 0.5 1
6 0.5 1
6 0.5 1
6 0.5 1
6 0.5 1
6 0.5 1
6 0.5 1
6 0.5 1
6 0.5 1
6 0.5 1
6 0.5 1
6 0.5 1
6 0.5 1
6 0.5 1
6 0.5 1
6 0.5 1
6 0.5 1
6 0.5 1
6 0.5 1
6 0.5 1
6 0.5 1
6 0.5 0.958333
6 0.5 1
6 0.5 1
6 0.5 1
6 0.5 1
6 0.5 1
6 0.5 1
6 0.5 0.958333
6 0.5 1
6 0.5 1
6 0.5 1
6 0.5 1
6 0.5 1
6 0.5 1
6 0.5 1
6 0.5 1
6 0.5 1
6 0.5 1
6 0.5 1
6 0.5 1
6 0.5 1
6 0.5 1
6 0.5 1
6 0.5 1
6 0.5 1
6 0.5 1
6 0.5 1
6 0.5 1
6 0.5 1
6 0.5 1
6 0.5 1
6 0.5 1
6 0.5 1
6 0.5 1
6 0.5 1
6 0.5 1
6 0.5 1
6 0.5 1
6 0.5 1
6 0.5 1
6 0.5 1
6 0.5 1
6 0.5 1
6 0.5 1
6 0.5 1
6 0.5 1
6 0.5 1
6 0.5 0.916667
6 0.5 1
6 0.5 1
6 0.5 1
6 0.5 1
6 0.5 1
6 0.5 1
6 0.5 1
6 0.5 1
6 0.5 1
6 0.5 1
6 0.5 1
6 0.5 1
6 0.5 1
6 0.5 1
6 0.5 1
6 0.5 1
6 0.5 1
6 0.5 1
6 0.5 1
6 0.5 1
6 0.5 1
6 0.5 1
6 0.5 1
6 0.5 1
6 0.5 1
6 0.5 1
6 0.5 1
6 0.5 1
6 0.5 1
6 0.5 1
6 0.5 1
6 0.5 0.958333
6 0.5 1
6 0.5 1
6 0.5 1
6 0.5 1
6 0.5 1
6 0.5 1
6 0.5 1
6 0.5 1
6 0.5 1
6 0.5 1
6 0.5 1
6 0.5 1
6 0.5 0.958333
6 0.5 1
6 0.5 1
6 0.5 1
6 0.5 1
6 0.5 1
6 0.5 1
6 0.5 1
6 0.5 1
6 0.5 1
6 0.5 1
6 0.5 1
6 0.5 1
6 0.5 1
6 0.5 1
6 0.5 1
6 0.5 1
6 0.5 0.958333
6 0.5 1
6 0.5 1
6 0.5 1
6 0.5 1
6 0.5 1
6 0.5 1
6 0.5 1
6 0.5 1
6 0.5 1
6 0.5 1
6 0.5 1
6 0.5 1
6 0.5 1
6 0.5 1
6 0.5 1
6 0.5 1
6 0.5 1
6 0.5 1
6 0.5 1
6 0.5 1
6 0.5 1
6 0.5 1
6 0.5 1
6 0.5 1
6 0.5 1
6 0.5 1
6 0.5 1
6 0.5 1
6 0.5 1
6 0.5 1
6 0.5 1
6 0.5 1
6 0.5 1
6 0.5 1
6 0.5 1
6 0.5 1
6 0.5 1
6 0.5 1
6 0.5 1
6 0.5 1
6 0.5 1
6 0.5 1
6 0.5 1
6 0.5 1
6 0.5 1
6 0.5 1
6 0.5 1
6 0.5 1
6 0.5 1
6 0.5 1
6 0.5 1
6 0.5 1
6 0.5 1
6 0.5 1
6 0.5 1
6 0.5 1
6 0.5 1
6 0.5 1
6 0.5 1
6 0.5 1
6 0.5 1
6 0.5 1
6 0.5 1
6 0.5 1
6 0.5 1
6 0.5 0.958333
6 0.5 1
6 0.5 1
6 0.5 1
6 0.5 1
6 0.5 1
6 0.5 1
6 0.5 1
6 0.5 1
6 0.5 1
6 0.5 1
6 0.5 1
6 0.5 1
6 0.5 1
6 0.5 1
6 0.5 1
6 0.5 1
6 0.5 1
6 0.5 1
6 0.5 1
6 0.5 1
6 0.5 1
6 0.5 1
6 0.5 1
6 0.5 1
6 0.5 0.958333
6 0.5 1
6 0.5 1
6 0.5 1
6 0.5 1
6 0.5 1
6 0.5 1
6 0.5 1
6 0.5 1
6 0.5 1
6 0.5 1
