20 0.05 0
20 0.05 0
20 0.05 0
20 0.05 0
20 0.05 0
20 0.05 0
20 0.05 0
20 0.05 0
20 0.05 0
20 0.05 0
20 0.05 0
20 0.05 0
20 0.05 0
20 0.05 0
20 0.05 0
20 0.05 0
20 0.05 0
20 0.05 0
20 0.05 0
20 0.05 0
20 0.05 0
20 0.05 0
20 0.05 0
20 0.05 0
20 0.05 0
20 0.05 0
20 0.05 0
20 0.05 0
20 0.05 0
20 0.05 0
20 0.05 0
20 0.05 0
20 0.05 0
20 0.05 0
20 0.05 0
20 0.05 0
20 0.05 0
20 0.05 0
20 0.05 0
20 0.05 0
20 0.05 0
20 0.05 0
20 0.05 0
20 0.05 0
20 0.05 0
20 0.05 0
20 0.05 0
20 0.05 0
20 0.05 0
20 0.05 0
20 0.05 0
20 0.05 0
20 0.05 0
20 0.05 0
20 0.05 0
20 0.05 0
20 0.05 0
20 0.05 0
20 0.05 0
20 0.05 0
20 0.05 0
20 0.05 0
20 0.05 0
20 0.05 0
20 0.05 0
20 0.05 0
20 0.05 0
20 0.05 0
20 0.05 0
20 0.05 0
20 0.05 0
20 0.05 0
20 0.05 0
20 0.05 0
20 0.05 0
20 0.05 0
20 0.05 0
20 0.05 0
20 0.05 0
20 0.05 0
20 0.05 0
20 0.05 0
20 0.05 0
20 0.05 0
20 0.05 0
20 0.05 0
20 0.05 0
20 0.05 0
20 0.05 0
20 0.05 0
20 0.05 0
20 0.05 0
20 0.05 0
20 0.05 0
20 0.05 0
20 0.05 0
20 0.05 0
20 0.05 0
20 0.05 0
20 0.05 0
20 0.05 0
20 0.05 0
20 0.05 0
20 0.05 0
20 0.05 0
20 0.05 0
20 0.05 0
20 0.05 0
20 0.05 0
20 0.05 0
20 0.05 0
20 0.05 0
20 0.05 0
20 0.05 0
20 0.05 0
20 0.05 0
20 0.05 0
20 0.05 0
20 0.05 0
20 0.05 0
20 0.05 0
20 0.05 0
20 0.05 0
20 0.05 0
20 0.05 0
20 0.05 0
20 0.05 0
20 0.05 0
20 0.05 0
20 0.05 0
20 0.05 0
20 0.05 0
20 0.05 0
20 0.05 0
20 0.05 0
20 0.05 0
20 0.05 0
20 0.05 0
20 0.05 0
20 0.05 0
20 0.05 0
20 0.05 0
20 0.05 0
20 0.05 0
20 0.05 0
20 0.05 0
20 0.05 0
20 0.05 0
20 0.05 0
20 0.05 0
20 0.05 0
20 0.05 0
20 0.05 0
20 0.05 0
20 0.05 0
20 0.05 0
20 0.05 0
20 0.05 0.0125
20 0.05 0
20 0.05 0
20 0.05 0
20 0.05 0
20 0.05 0
20 0.05 0
20 0.05 0
20 0.05 0
20 0.05 0
20 0.05 0
20 0.05 0
20 0.05 0
20 0.05 0
20 0.05 0
20 0.05 0
20 0.05 0
20 0.05 0
20 0.05 0
20 0.05 0
20 0.05 0
20 0.05 0
20 0.05 0
20 0.05 0
20 0.05 0
20 0.05 0
20 0.05 0
20 0.05 0
20 0.05 0
20 0.05 0
20 0.05 0
20 0.05 0
20 0.05 0
20 0.05 0
20 0.05 0
20 0.05 0
20 0.05 0
20 0.05 0
20 0.05 0
20 0.05 0
20 0.05 0
20 0.05 0
20 0.05 0
20 0.05 0
20 0.05 0
20 0.05 0
20 0.05 0
20 0.05 0
20 0.05 0
20 0.05 0
20 0.05 0
20 0.05 0
20 0.05 0
20 0.05 0
20 0.05 0
20 0.05 0
20 0.05 0
20 0.05 0
20 0.05 0
20 0.05 0
20 0.05 0
20 0.05 0.0125
20 0.05 0.0125
20 0.05 0.0125
20 0.05 0.0125
20 0.05 0.0125
20 0.05 0.0125
20 0.05 0.0125
20 0.05 0.0125
20 0.05 0.0125
20 0.05 0.0125
20 0.05 0.0125
20 0.05 0.0125
20 0.05 0.0125
20 0.05 0.0125
20 0.05 0.0125
20 0.05 0.0125
20 0.05 0.0125
20 0.05 0.0125
20 0.05 0.0125
20 0.05 0.0125
20 0.05 0.025
20 0.05 0.0125
20 0.1 0
20 0.1 0
20 0.1 0
20 0.1 0
20 0.1 0
20 0.1 0
20 0.1 0
20 0.1 0
20 0.1 0
20 0.1 0
20 0.1 0
20 0.1 0
20 0.1 0
20 0.1 0
20 0.1 0
20 0.1 0
20 0.1 0
20 0.1 0
20 0.1 0
20 0.1 0
20 0.1 0
20 0.1 0
20 0.1 0
20 0.1 0
20 0.1 0
20 0.1 0
20 0.1 0
20 0.1 0
20 0.1 0
20 0.1 0
20 0.1 0
20 0.1 0
20 0.1 0
20 0.1 0
20 0.1 0
20 0.1 0
20 0.1 0
20 0.1 0
20 0.1 0
20 0.1 0
20 0.1 0
20 0.1 0
20 0.1 0.0125
20 0.1 0
20 0.1 0
20 0.1 0
20 0.1 0
20 0.1 0
20 0.1 0
20 0.1 0
20 0.1 0
20 0.1 0
20 0.1 0
20 0.1 0
20 0.1 0.0125
20 0.1 0
20 0.1 0
20 0.1 0
20 0.1 0
20 0.1 0
20 0.1 0
20 0.1 0
20 0.1 0
20 0.1 0
20 0.1 0
20 0.1 0
20 0.1 0
20 0.1 0
20 0.1 0
20 0.1 0
20 0.1 0
20 0.1 0
20 0.1 0
20 0.1 0
20 0.1 0
20 0.1 0
20 0.1 0
20 0.1 0
20 0.1 0
20 0.1 0
20 0.1 0
20 0.1 0
20 0.1 0
20 0.1 0
20 0.1 0
20 0.1 0
20 0.1 0.0125
20 0.1 0
20 0.1 0
20 0.1 0
20 0.1 0
20 0.1 0
20 0.1 0
20 0.1 0
20 0.1 0
20 0.1 0
20 0.1 0.0125
20 0.1 0
20 0.1 0
20 0.1 0
20 0.1 0
20 0.1 0
20 0.1 0
20 0.1 0
20 0.1 0
20 0.1 0
20 0.1 0
20 0.1 0
20 0.1 0
20 0.1 0
20 0.1 0
20 0.1 0
20 0.1 0
20 0.1 0
20 0.1 0
20 0.1 0.0125
20 0.1 0.0125
20 0.1 0
20 0.1 0
20 0.1 0
20 0.1 0
20 0.1 0
20 0.1 0
20 0.1 0
20 0.1 0
20 0.1 0
20 0.1 0.0125
20 0.1 0
20 0.1 0
20 0.1 0
20 0.1 0
20 0.1 0
20 0.1 0
20 0.1 0
20 0.1 0
20 0.1 0
20 0.1 0
20 0.1 0
20 0.1 0
20 0.1 0
20 0.1 0
20 0.1 0
20 0.1 0
20 0.1 0
20 0.1 0
20 0.1 0
20 0.1 0
20 0.1 0
20 0.1 0
20 0.1 0
20 0.1 0
20 0.1 0
20 0.1 0
20 0.1 0
20 0.1 0
20 0.1 0
20 0.1 0
20 0.1 0
20 0.1 0
20 0.1 0
20 0.1 0
20 0.1 0
20 0.1 0
20 0.1 0
20 0.1 0
20 0.1 0
20 0.1 0
20 0.1 0
20 0.1 0
20 0.1 0
20 0.1 0
20 0.1 0
20 0.1 0
20 0.1 0
20 0.1 0
20 0.1 0
20 0.1 0
20 0.1 0
20 0.1 0
20 0.1 0
20 0.1 0.0125
20 0.1 0.0125
20 0.1 0.0125
20 0.1 0.0125
20 0.1 0.0125
20 0.1 0.0125
20 0.1 0.025
20 0.1 0.0125
20 0.1 0.0125
20 0.1 0.0125
20 0.1 0.0125
20 0.1 0.025
20 0.1 0.0125
20 0.1 0.0125
20 0.1 0.0125
20 0.1 0.0125
20 0.1 0.0125
20 0.1 0.0125
20 0.1 0.0125
20 0.1 0.0125
20 0.1 0.0125
20 0.1 0.0125
20 0.1 0.0125
20 0.1 0.0125
20 0.1 0.0125
20 0.1 0.0125
20 0.1 0.0125
20 0.1 0.0125
20 0.1 0.0125
20 0.1 0.0125
20 0.1 0.0125
20 0.1 0.0125
20 0.1 0.0125
20 0.1 0.0125
20 0.1 0.0125
20 0.1 0.0125
20 0.1 0.0125
20 0.1 0.0125
20 0.1 0.0125
20 0.1 0.0125
20 0.1 0.0125
20 0.1 0.0125
20 0.1 0.0125
20 0.1 0.025
20 0.1 0.0125
20 0.1 0.0125
20 0.1 0.0125
20 0.1 0.0125
20 0.1 0.0125
20 0.1 0.025
20 0.1 0.0125
20 0.1 0.0125
20 0.1 0.025
20 0.1 0.025
20 0.1 0.0125
20 0.1 0.0125
20 0.1 0.0125
20 0.1 0.0125
20 0.1 0.0375
20 0.1 0.025
20 0.15 0.0125
20 0.15 0
20 0.15 0
20 0.15 0
20 0.15 0
20 0.15 0
20 0.15 0.0125
20 0.15 0.0125
20 0.15 0
20 0.15 0
20 0.15 0
20 0.15 0
20 0.15 0
20 0.15 0
20 0.15 0
20 0.15 0
20 0.15 0.0125
20 0.15 0
20 0.15 0
20 0.15 0
20 0.15 0.0125
20 0.15 0
20 0.15 0
20 0.15 0
20 0.15 0
20 0.15 0
20 0.15 0
20 0.15 0
20 0.15 0
20 0.15 0
20 0.15 0
20 0.15 0
20 0.15 0
20 0.15 0.0125
20 0.15 0
20 0.15 0
20 0.15 0.0125
20 0.15 0
20 0.15 0
20 0.15 0
20 0.15 0
20 0.15 0
20 0.15 0.0375
20 0.15 0
20 0.15 0.0125
20 0.15 0
20 0.15 0
20 0.15 0
20 0.15 0
20 0.15 0
20 0.15 0
20 0.15 0
20 0.15 0
20 0.15 0
20 0.15 0
20 0.15 0.0125
20 0.15 0
20 0.15 0.0125
20 0.15 0
20 0.15 0
20 0.15 0
20 0.15 0
20 0.15 0
20 0.15 0
20 0.15 0
20 0.15 0
20 0.15 0
20 0.15 0
20 0.15 0
20 0.15 0
20 0.15 0
20 0.15 0
20 0.15 0
20 0.15 0
20 0.15 0
20 0.15 0
20 0.15 0.025
20 0.15 0
20 0.15 0
20 0.15 0
20 0.15 0
20 0.15 0
20 0.15 0
20 0.15 0
20 0.15 0.0125
20 0.15 0
20 0.15 0
20 0.15 0.025
20 0.15 0.0125
20 0.15 0
20 0.15 0
20 0.15 0.0125
20 0.15 0
20 0.15 0
20 0.15 0.0125
20 0.15 0
20 0.15 0
20 0.15 0
20 0.15 0
20 0.15 0
20 0.15 0
20 0.15 0
20 0.15 0
20 0.15 0
20 0.15 0
20 0.15 0
20 0.15 0
20 0.15 0
20 0.15 0
20 0.15 0.0125
20 0.15 0
20 0.15 0
20 0.15 0
20 0.15 0.0125
20 0.15 0
20 0.15 0
20 0.15 0.0125
20 0.15 0.0125
20 0.15 0.0125
20 0.15 0
20 0.15 0
20 0.15 0
20 0.15 0
20 0.15 0
20 0.15 0
20 0.15 0
20 0.15 0
20 0.15 0.0125
20 0.15 0.0125
20 0.15 0
20 0.15 0
20 0.15 0.025
20 0.15 0
20 0.15 0
20 0.15 0
20 0.15 0
20 0.15 0
20 0.15 0
20 0.15 0.0125
20 0.15 0.0125
20 0.15 0
20 0.15 0
20 0.15 0
20 0.15 0
20 0.15 0
20 0.15 0
20 0.15 0
20 0.15 0
20 0.15 0
20 0.15 0.0125
20 0.15 0
20 0.15 0.0125
20 0.15 0.0125
20 0.15 0.0125
20 0.15 0.0125
20 0.15 0.0125
20 0.15 0.0125
20 0.15 0.0125
20 0.15 0.0125
20 0.15 0.0125
20 0.15 0.0125
20 0.15 0.0125
20 0.15 0.0125
20 0.15 0.0125
20 0.15 0.0375
20 0.15 0.0125
20 0.15 0.0125
20 0.15 0.0125
20 0.15 0.0125
20 0.15 0.0125
20 0.15 0.0125
20 0.15 0.025
20 0.15 0.025
20 0.15 0.0125
20 0.15 0.0125
20 0.15 0.0125
20 0.15 0.0125
20 0.15 0.0125
20 0.15 0.0125
20 0.15 0.025
20 0.15 0.0125
20 0.15 0.0125
20 0.15 0.0125
20 0.15 0.0125
20 0.15 0.0125
20 0.15 0.0125
20 0.15 0.0125
20 0.15 0.0125
20 0.15 0.0125
20 0.15 0.0125
20 0.15 0.0125
20 0.15 0.0125
20 0.15 0.0125
20 0.15 0.0125
20 0.15 0.0125
20 0.15 0.0125
20 0.15 0.0125
20 0.15 0.0125
20 0.15 0.025
20 0.15 0.0125
20 0.15 0.025
20 0.15 0.0375
20 0.15 0.0125
20 0.15 0.0375
20 0.15 0.025
20 0.15 0.0125
20 0.15 0.025
20 0.15 0.0125
20 0.15 0.0125
20 0.15 0.0125
20 0.15 0.0125
20 0.15 0.0125
20 0.15 0.025
20 0.15 0.0125
20 0.15 0.0125
20 0.15 0.0375
20 0.15 0.0125
20 0.15 0.025
20 0.15 0.0125
20 0.15 0.0125
20 0.15 0.0125
20 0.15 0.0125
20 0.15 0.025
20 0.15 0.0125
20 0.15 0.025
20 0.15 0.0125
20 0.15 0.0125
20 0.15 0.0125
20 0.15 0.0125
20 0.15 0.0125
20 0.15 0.0125
20 0.15 0.025
20 0.15 0.0125
20 0.15 0.025
20 0.15 0.025
20 0.15 0.025
20 0.15 0.025
20 0.15 0.0375
20 0.15 0.025
20 0.15 0.025
20 0.2 0.025
20 0.2 0
20 0.2 0
20 0.2 0.0125
20 0.2 0
20 0.2 0.0125
20 0.2 0.0125
20 0.2 0.025
20 0.2 0.025
20 0.2 0
20 0.2 0
20 0.2 0.025
20 0.2 0.0125
20 0.2 0
20 0.2 0
20 0.2 0.0125
20 0.2 0.025
20 0.2 0.0125
20 0.2 0.0125
20 0.2 0.025
20 0.2 0.0125
20 0.2 0
20 0.2 0
20 0.2 0.0125
20 0.2 0
20 0.2 0.025
20 0.2 0
20 0.2 0.0125
20 0.2 0.0125
20 0.2 0.0125
20 0.2 0.025
20 0.2 0.025
20 0.2 0
20 0.2 0.0375
20 0.2 0.0125
20 0.2 0.0125
20 0.2 0.0125
20 0.2 0.05
20 0.2 0
20 0.2 0
20 0.2 0
20 0.2 0.0125
20 0.2 0.0125
20 0.2 0.0125
20 0.2 0
20 0.2 0
20 0.2 0.025
20 0.2 0
20 0.2 0.0125
20 0.2 0
20 0.2 0.025
20 0.2 0
20 0.2 0.0125
20 0.2 0.0375
20 0.2 0.025
20 0.2 0
20 0.2 0.0125
20 0.2 0
20 0.2 0
20 0.2 0
20 0.2 0.025
20 0.2 0.025
20 0.2 0.025
20 0.2 0.0125
20 0.2 0.025
20 0.2 0
20 0.2 0.0125
20 0.2 0
20 0.2 0
20 0.2 0
20 0.2 0
20 0.2 0.0125
20 0.2 0.0125
20 0.2 0
20 0.2 0.0125
20 0.2 0.0125
20 0.2 0
20 0.2 0
20 0.2 0.05
20 0.2 0.0125
20 0.2 0.025
20 0.2 0.0125
20 0.2 0
20 0.2 0
20 0.2 0
20 0.2 0.025
20 0.2 0
20 0.2 0.025
20 0.2 0.0125
20 0.2 0.0125
20 0.2 0
20 0.2 0.0625
20 0.2 0.0125
20 0.2 0.05
20 0.2 0.05
20 0.2 0.025
20 0.2 0.0375
20 0.2 0.025
20 0.2 0.0125
20 0.2 0.0125
20 0.2 0.025
20 0.2 0.025
20 0.2 0.0125
20 0.2 0.025
20 0.2 0.0125
20 0.2 0.0125
20 0.2 0.0125
20 0.2 0.0125
20 0.2 0.0375
20 0.2 0.025
20 0.2 0.025
20 0.2 0.025
20 0.2 0.0375
20 0.2 0.05
20 0.2 0.025
20 0.2 0.025
20 0.2 0.025
20 0.2 0.025
20 0.2 0.025
20 0.2 0.025
20 0.2 0.025
20 0.2 0.025
20 0.2 0.0125
20 0.2 0.0125
20 0.2 0.025
20 0.2 0.0125
20 0.2 0.025
20 0.2 0.0375
20 0.2 0.0125
20 0.2 0.0125
20 0.2 0.0125
20 0.2 0.025
20 0.2 0.0375
20 0.2 0.0125
20 0.2 0.025
20 0.2 0.0625
20 0.2 0.0375
20 0.2 0.025
20 0.2 0.05
20 0.2 0.025
20 0.2 0.025
20 0.2 0.0375
20 0.2 0.0125
20 0.2 0.0125
20 0.2 0.025
20 0.2 0.025
20 0.2 0.0375
20 0.2 0.0375
20 0.2 0.0125
20 0.2 0.025
20 0.2 0.0125
20 0.2 0.0125
20 0.2 0.025
20 0.2 0.0125
20 0.2 0.025
20 0.2 0.0375
20 0.2 0.025
20 0.2 0.0375
20 0.2 0.025
20 0.2 0.025
20 0.2 0.0375
20 0.2 0.0125
20 0.2 0.0375
20 0.2 0.0125
20 0.2 0.05
20 0.2 0.025
20 0.2 0.0125
20 0.2 0.0125
20 0.2 0.0375
20 0.2 0.0125
20 0.2 0.025
20 0.2 0.0375
20 0.2 0.025
20 0.2 0.0125
20 0.2 0.0375
20 0.2 0.0125
20 0.2 0.025
20 0.2 0.0375
20 0.2 0.0125
20 0.2 0.0125
20 0.2 0.05
20 0.2 0.025
20 0.2 0.0875
20 0.2 0.0125
20 0.2 0.0125
20 0.2 0.0625
20 0.2 0.0125
20 0.2 0.0125
20 0.2 0.0375
20 0.2 0.025
20 0.2 0.05
20 0.2 0.0375
20 0.2 0.025
20 0.2 0.025
20 0.2 0.025
20 0.2 0.025
20 0.2 0.025
20 0.2 0.0125
20 0.2 0.0375
20 0.2 0.0375
20 0.2 0.0375
20 0.2 0.025
20 0.2 0.0375
20 0.2 0.0375
20 0.2 0.05
20 0.2 0.05
20 0.2 0.0375
20 0.2 0.025
20 0.2 0.0375
20 0.2 0.0375
20 0.2 0.0375
20 0.2 0.05
20 0.2 0.0375
20 0.2 0.0625
20 0.2 0.025
20 0.2 0.0375
20 0.2 0.0625
20 0.2 0.0375
20 0.2 0.05
20 0.2 0.025
20 0.2 0.025
20 0.2 0.05
20 0.2 0.025
20 0.2 0.0625
20 0.2 0.0375
20 0.2 0.0375
20 0.2 0.05
20 0.2 0.0375
20 0.2 0.0375
20 0.2 0.05
20 0.2 0.05
20 0.2 0.0375
20 0.2 0.025
20 0.2 0.0375
20 0.2 0.05
20 0.2 0.0625
20 0.2 0.0625
20 0.2 0.0375
20 0.2 0.05
20 0.2 0.0625
20 0.25 0.075
20 0.25 0.0875
20 0.25 0.075
20 0.25 0.1
20 0.25 0.05
20 0.25 0.075
20 0.25 0.1
20 0.25 0.075
20 0.25 0.025
20 0.25 0.0875
20 0.25 0.025
20 0.25 0.075
20 0.25 0.0875
20 0.25 0.05
20 0.25 0.05
20 0.25 0.0375
20 0.25 0.075
20 0.25 0.125
20 0.25 0.1125
20 0.25 0.1
20 0.25 0.05
20 0.25 0.075
20 0.25 0.075
20 0.25 0.0625
20 0.25 0.075
20 0.25 0.05
20 0.25 0.1125
20 0.25 0.0625
20 0.25 0.1125
20 0.25 0.0875
20 0.25 0.1
20 0.25 0.075
20 0.25 0.05
20 0.25 0.0875
20 0.25 0.075
20 0.25 0.1125
20 0.25 0.1
20 0.25 0.0875
20 0.25 0.1125
20 0.25 0.0625
20 0.25 0.075
20 0.25 0.075
20 0.25 0.1375
20 0.25 0.1
20 0.25 0.125
20 0.25 0.0875
20 0.25 0.1625
20 0.25 0.1125
20 0.25 0.0875
20 0.25 0.0875
20 0.25 0.1
20 0.25 0.0625
20 0.25 0.125
20 0.25 0.0375
20 0.25 0.175
20 0.25 0.1125
20 0.25 0.0375
20 0.25 0.1
20 0.25 0.0625
20 0.25 0.0875
20 0.25 0.15
20 0.25 0.1125
20 0.25 0.05
20 0.25 0.1375
20 0.25 0.0875
20 0.25 0.0875
20 0.25 0.1
20 0.25 0.075
20 0.25 0.1125
20 0.25 0.0875
20 0.25 0.0875
20 0.25 0.075
20 0.25 0.075
20 0.25 0.0875
20 0.25 0.1
20 0.25 0.1
20 0.25 0.075
20 0.25 0.0625
20 0.25 0.0875
20 0.25 0.1125
20 0.25 0.1
20 0.25 0.075
20 0.25 0.0875
20 0.25 0.1125
20 0.25 0.15
20 0.25 0.075
20 0.25 0.075
20 0.25 0.1
20 0.25 0.0875
20 0.25 0.075
20 0.25 0.0875
20 0.25 0.15
20 0.25 0.075
20 0.25 0.125
20 0.25 0.0875
20 0.25 0.1
20 0.25 0.1375
20 0.25 0.0875
20 0.25 0.0375
20 0.25 0.05
20 0.25 0.0875
20 0.25 0.0625
20 0.25 0.1625
20 0.25 0.0625
20 0.25 0.15
20 0.25 0.0875
20 0.25 0.1
20 0.25 0.125
20 0.25 0.125
20 0.25 0.15
20 0.25 0.0375
20 0.25 0.1
20 0.25 0.15
20 0.25 0.075
20 0.25 0.1125
20 0.25 0.125
20 0.25 0.075
20 0.25 0.0625
20 0.25 0.075
20 0.25 0.0875
20 0.25 0.125
20 0.25 0.1125
20 0.25 0.0625
20 0.25 0.125
20 0.25 0.075
20 0.25 0.075
20 0.25 0.125
20 0.25 0.075
20 0.25 0.125
20 0.25 0.125
20 0.25 0.125
20 0.25 0.0875
20 0.25 0.1
20 0.25 0.075
20 0.25 0.175
20 0.25 0.1125
20 0.25 0.1
20 0.25 0.125
20 0.25 0.0875
20 0.25 0.1125
20 0.25 0.1125
20 0.25 0.1125
20 0.25 0.1125
20 0.25 0.1875
20 0.25 0.125
20 0.25 0.1125
20 0.25 0.0875
20 0.25 0.175
20 0.25 0.1375
20 0.25 0.125
20 0.25 0.0875
20 0.25 0.0875
20 0.25 0.125
20 0.25 0.0875
20 0.25 0.075
20 0.25 0.0875
20 0.25 0.2
20 0.25 0.1375
20 0.25 0.1875
20 0.25 0.1
20 0.25 0.1
20 0.25 0.15
20 0.25 0.1375
20 0.25 0.0625
20 0.25 0.0625
20 0.25 0.15
20 0.25 0.0625
20 0.25 0.1125
20 0.25 0.125
20 0.25 0.0875
20 0.25 0.075
20 0.25 0.0625
20 0.25 0.1
20 0.25 0.0625
20 0.25 0.0875
20 0.25 0.125
20 0.25 0.1125
20 0.25 0.1125
20 0.25 0.1375
20 0.25 0.0875
20 0.25 0.1375
20 0.25 0.0875
20 0.25 0.075
20 0.25 0.1
20 0.25 0.1125
20 0.25 0.1
20 0.25 0.075
20 0.25 0.075
20 0.25 0.125
20 0.25 0.15
20 0.25 0.0875
20 0.25 0.1125
20 0.25 0.1375
20 0.25 0.0875
20 0.25 0.2125
20 0.25 0.125
20 0.25 0.1625
20 0.25 0.1375
20 0.25 0.0875
20 0.25 0.1
20 0.25 0.1125
20 0.25 0.175
20 0.25 0.125
20 0.25 0.125
20 0.25 0.1125
20 0.25 0.0875
20 0.25 0.1
20 0.25 0.1625
20 0.25 0.1375
20 0.25 0.1625
20 0.25 0.125
20 0.25 0.1125
20 0.25 0.1875
20 0.25 0.0875
20 0.25 0.1
20 0.25 0.1125
20 0.25 0.15
20 0.25 0.1
20 0.25 0.175
20 0.25 0.15
20 0.25 0.1375
20 0.25 0.175
20 0.25 0.1125
20 0.25 0.1375
20 0.25 0.15
20 0.25 0.0875
20 0.25 0.1375
20 0.25 0.0875
20 0.25 0.075
20 0.25 0.1375
20 0.25 0.1
20 0.25 0.125
20 0.25 0.1125
20 0.25 0.15
20 0.25 0.1125
20 0.25 0.1625
20 0.25 0.125
20 0.25 0.1625
20 0.25 0.125
20 0.25 0.1
20 0.3 0.6125
20 0.3 0.5875
20 0.3 0.5
20 0.3 0.5625
20 0.3 0.5125
20 0.3 0.4375
20 0.3 0.5375
20 0.3 0.5875
20 0.3 0.4625
20 0.3 0.6
20 0.3 0.5125
20 0.3 0.55
20 0.3 0.5
20 0.3 0.4875
20 0.3 0.5625
20 0.3 0.4375
20 0.3 0.5875
20 0.3 0.6125
20 0.3 0.475
20 0.3 0.4125
20 0.3 0.5875
20 0.3 0.4625
20 0.3 0.475
20 0.3 0.575
20 0.3 0.4125
20 0.3 0.5
20 0.3 0.3625
20 0.3 0.5875
20 0.3 0.5375
20 0.3 0.5
20 0.3 0.4625
20 0.3 0.5
20 0.3 0.4625
20 0.3 0.375
20 0.3 0.4875
20 0.3 0.55
20 0.3 0.5
20 0.3 0.7
20 0.3 0.4375
20 0.3 0.5875
20 0.3 0.6375
20 0.3 0.575
20 0.3 0.475
20 0.3 0.4625
20 0.3 0.5125
20 0.3 0.5
20 0.3 0.425
20 0.3 0.5625
20 0.3 0.5
20 0.3 0.575
20 0.3 0.4375
20 0.3 0.4375
20 0.3 0.6
20 0.3 0.5625
20 0.3 0.7
20 0.3 0.6375
20 0.3 0.6125
20 0.3 0.6
20 0.3 0.625
20 0.3 0.5125
20 0.3 0.4875
20 0.3 0.625
20 0.3 0.5375
20 0.3 0.5875
20 0.3 0.55
20 0.3 0.55
20 0.3 0.6125
20 0.3 0.5625
20 0.3 0.45
20 0.3 0.425
20 0.3 0.6
20 0.3 0.45
20 0.3 0.5
20 0.3 0.5875
20 0.3 0.6
20 0.3 0.5625
20 0.3 0.575
20 0.3 0.3625
20 0.3 0.5375
20 0.3 0.575
20 0.3 0.5
20 0.3 0.5875
20 0.3 0.5
20 0.3 0.4875
20 0.3 0.55
20 0.3 0.375
20 0.3 0.45
20 0.3 0.5125
20 0.3 0.5375
20 0.3 0.5375
20 0.3 0.4375
20 0.3 0.5875
20 0.3 0.55
20 0.3 0.625
20 0.3 0.5
20 0.3 0.575
20 0.3 0.45
20 0.3 0.4625
20 0.3 0.6
20 0.3 0.5625
20 0.3 0.525
20 0.3 0.475
20 0.3 0.5875
20 0.3 0.5625
20 0.3 0.3625
20 0.3 0.5125
20 0.3 0.3875
20 0.3 0.55
20 0.3 0.475
20 0.3 0.4875
20 0.3 0.5625
20 0.3 0.525
20 0.3 0.5
20 0.3 0.5
20 0.3 0.4875
20 0.3 0.4875
20 0.3 0.4
20 0.3 0.525
20 0.3 0.4375
20 0.3 0.5375
20 0.3 0.5375
20 0.3 0.5875
20 0.3 0.55
20 0.3 0.4375
20 0.3 0.4125
20 0.3 0.425
20 0.3 0.5
20 0.3 0.5125
20 0.3 0.55
20 0.3 0.4625
20 0.3 0.4625
20 0.3 0.4875
20 0.3 0.5125
20 0.3 0.575
20 0.3 0.3875
20 0.3 0.45
20 0.3 0.5625
20 0.3 0.475
20 0.3 0.4875
20 0.3 0.5375
20 0.3 0.425
20 0.3 0.5625
20 0.3 0.5375
20 0.3 0.45
20 0.3 0.5625
20 0.3 0.575
20 0.3 0.4625
20 0.3 0.525
20 0.3 0.55
20 0.3 0.55
20 0.3 0.425
20 0.3 0.5125
20 0.3 0.525
20 0.3 0.4625
20 0.3 0.55
20 0.3 0.5125
20 0.3 0.5125
20 0.3 0.5625
20 0.3 0.525
20 0.3 0.625
20 0.3 0.4875
20 0.3 0.5125
20 0.3 0.5375
20 0.3 0.6
20 0.3 0.3875
20 0.3 0.5625
20 0.3 0.525
20 0.3 0.375
20 0.3 0.5625
20 0.3 0.525
20 0.3 0.4875
20 0.3 0.8
20 0.3 0.625
20 0.3 0.4875
20 0.3 0.525
20 0.3 0.45
20 0.3 0.45
20 0.3 0.625
20 0.3 0.525
20 0.3 0.4
20 0.3 0.525
20 0.3 0.3875
20 0.3 0.5375
20 0.3 0.4625
20 0.3 0.45
20 0.3 0.5125
20 0.3 0.325
20 0.3 0.55
20 0.3 0.575
20 0.3 0.4875
20 0.3 0.475
20 0.3 0.575
20 0.3 0.4625
20 0.3 0.55
20 0.3 0.6
20 0.3 0.425
20 0.3 0.5625
20 0.3 0.45
20 0.3 0.525
20 0.3 0.6125
20 0.3 0.6875
20 0.3 0.5125
20 0.3 0.4375
20 0.3 0.5375
20 0.3 0.5
20 0.3 0.5875
20 0.3 0.4625
20 0.3 0.525
20 0.3 0.55
20 0.3 0.5625
20 0.3 0.4875
20 0.3 0.4375
20 0.3 0.5875
20 0.3 0.275
20 0.3 0.55
20 0.3 0.525
20 0.3 0.55
20 0.3 0.4375
20 0.3 0.5125
20 0.3 0.5625
20 0.3 0.4625
20 0.3 0.5625
20 0.3 0.525
20 0.3 0.4875
20 0.3 0.4625
20 0.3 0.4875
20 0.3 0.3875
20 0.3 0.5125
20 0.3 0.4875
20 0.3 0.4375
20 0.3 0.525
20 0.3 0.525
20 0.3 0.4375
20 0.3 0.575
20 0.3 0.4125
20 0.3 0.5
20 0.3 0.3375
20 0.3 0.5125
20 0.3 0.5
20 0.3 0.55
20 0.35 0.9875
20 0.35 0.975
20 0.35 0.9625
20 0.35 0.925
20 0.35 0.9625
20 0.35 0.9875
20 0.35 0.95
20 0.35 0.9375
20 0.35 0.95
20 0.35 0.9625
20 0.35 0.9125
20 0.35 0.925
20 0.35 0.95
20 0.35 0.9
20 0.35 0.95
20 0.35 0.95
20 0.35 0.9375
20 0.35 0.95
20 0.35 0.9625
20 0.35 0.9375
20 0.35 0.9375
20 0.35 0.95
20 0.35 0.95
20 0.35 0.9375
20 0.35 0.9375
20 0.35 0.95
20 0.35 0.95
20 0.35 0.9125
20 0.35 0.9375
20 0.35 0.9125
20 0.35 0.9125
20 0.35 0.9625
20 0.35 0.9
20 0.35 0.9
20 0.35 0.975
20 0.35 0.9125
20 0.35 0.975
20 0.35 0.975
20 0.35 0.85
20 0.35 0.8625
20 0.35 0.95
20 0.35 0.925
20 0.35 0.95
20 0.35 0.9625
20 0.35 0.9
20 0.35 0.9125
20 0.35 0.95
20 0.35 0.95
20 0.35 0.8875
20 0.35 0.9375
20 0.35 0.8875
20 0.35 0.95
20 0.35 0.95
20 0.35 0.9375
20 0.35 0.9375
20 0.35 0.925
20 0.35 0.9125
20 0.35 0.9375
20 0.35 0.8875
20 0.35 0.8875
20 0.35 0.9125
20 0.35 0.9
20 0.35 0.9375
20 0.35 0.9125
20 0.35 0.9
20 0.35 0.9
20 0.35 0.95
20 0.35 0.875
20 0.35 0.8875
20 0.35 0.9625
20 0.35 0.9125
20 0.35 0.975
20 0.35 0.925
20 0.35 0.8875
20 0.35 0.9125
20 0.35 0.95
20 0.35 0.875
20 0.35 0.9375
20 0.35 0.9125
20 0.35 0.95
20 0.35 0.9375
20 0.35 0.9125
20 0.35 0.9375
20 0.35 0.9125
20 0.35 0.925
20 0.35 0.8875
20 0.35 0.9625
20 0.35 0.9125
20 0.35 0.9
20 0.35 0.9375
20 0.35 0.875
20 0.35 0.9125
20 0.35 0.9625
20 0.35 0.9125
20 0.35 0.9
20 0.35 0.975
20 0.35 0.95
20 0.35 0.925
20 0.35 0.875
20 0.35 0.9125
20 0.35 0.9125
20 0.35 0.9375
20 0.35 0.95
20 0.35 0.8875
20 0.35 0.875
20 0.35 0.9625
20 0.35 0.9
20 0.35 0.9125
20 0.35 0.8125
20 0.35 0.9375
20 0.35 0.9375
20 0.35 0.925
20 0.35 0.8875
20 0.35 0.95
20 0.35 0.9
20 0.35 0.9125
20 0.35 0.925
20 0.35 0.9375
20 0.35 0.9375
20 0.35 0.9375
20 0.35 0.9375
20 0.35 0.9125
20 0.35 0.9
20 0.35 0.9125
20 0.35 0.8875
20 0.35 0.95
20 0.35 0.9
20 0.35 0.925
20 0.35 0.9375
20 0.35 0.875
20 0.35 0.9625
20 0.35 0.85
20 0.35 0.8875
20 0.35 0.8875
20 0.35 0.95
20 0.35 0.875
20 0.35 0.925
20 0.35 0.9375
20 0.35 0.9375
20 0.35 0.9625
20 0.35 0.875
20 0.35 0.95
20 0.35 0.9125
20 0.35 0.875
20 0.35 0.9625
20 0.35 0.975
20 0.35 0.925
20 0.35 0.9
20 0.35 0.9375
20 0.35 0.9
20 0.35 0.9125
20 0.35 0.95
20 0.35 0.9125
20 0.35 0.9125
20 0.35 0.95
20 0.35 0.9
20 0.35 0.9125
20 0.35 0.9625
20 0.35 0.925
20 0.35 0.9375
20 0.35 0.9125
20 0.35 0.9
20 0.35 0.9375
20 0.35 0.95
20 0.35 0.9
20 0.35 0.95
20 0.35 0.925
20 0.35 0.9125
20 0.35 0.9
20 0.35 0.8875
20 0.35 0.9375
20 0.35 0.8625
20 0.35 0.9
20 0.35 0.95
20 0.35 0.85
20 0.35 0.9125
20 0.35 0.9375
20 0.35 0.925
20 0.35 0.95
20 0.35 0.9625
20 0.35 0.9
20 0.35 0.9125
20 0.35 0.9125
20 0.35 0.9
20 0.35 0.8625
20 0.35 0.9
20 0.35 0.925
20 0.35 0.8375
20 0.35 0.925
20 0.35 0.875
20 0.35 0.9
20 0.35 0.875
20 0.35 0.9
20 0.35 0.9125
20 0.35 0.9125
20 0.35 0.925
20 0.35 0.9
20 0.35 0.9
20 0.35 0.875
20 0.35 0.9125
20 0.35 0.9625
20 0.35 0.9375
20 0.35 0.9
20 0.35 0.925
20 0.35 0.9375
20 0.35 0.925
20 0.35 0.9375
20 0.35 0.9375
20 0.35 0.925
20 0.35 0.9
20 0.35 0.9375
20 0.35 0.9125
20 0.35 0.875
20 0.35 0.8625
20 0.35 0.925
20 0.35 0.9
20 0.35 0.925
20 0.35 0.8875
20 0.35 0.875
20 0.35 0.8625
20 0.35 0.925
20 0.35 0.85
20 0.35 0.95
20 0.35 0.9
20 0.35 0.9625
20 0.35 0.8875
20 0.35 0.9375
20 0.35 0.925
20 0.35 0.9
20 0.35 0.95
20 0.35 0.8625
20 0.35 0.9
20 0.35 0.85
20 0.35 0.9125
20 0.35 0.8375
20 0.35 0.8375
20 0.35 0.8875
20 0.35 0.9375
20 0.35 0.9375
20 0.35 0.9
20 0.4 1
20 0.4 1
20 0.4 1
20 0.4 1
20 0.4 1
20 0.4 1
20 0.4 1
20 0.4 1
20 0.4 1
20 0.4 1
20 0.4 1
20 0.4 1
20 0.4 1
20 0.4 1
20 0.4 1
20 0.4 1
20 0.4 1
20 0.4 1
20 0.4 1
20 0.4 1
20 0.4 1
20 0.4 1
20 0.4 1
20 0.4 1
20 0.4 1
20 0.4 1
20 0.4 1
20 0.4 1
20 0.4 1
20 0.4 1
20 0.4 1
20 0.4 1
20 0.4 1
20 0.4 1
20 0.4 1
20 0.4 1
20 0.4 1
20 0.4 1
20 0.4 1
20 0.4 1
20 0.4 1
20 0.4 1
20 0.4 1
20 0.4 1
20 0.4 1
20 0.4 1
20 0.4 1
20 0.4 1
20 0.4 1
20 0.4 1
20 0.4 1
20 0.4 1
20 0.4 1
20 0.4 1
20 0.4 1
20 0.4 1
20 0.4 1
20 0.4 1
20 0.4 1
20 0.4 1
20 0.4 1
20 0.4 1
20 0.4 1
20 0.4 1
20 0.4 1
20 0.4 1
20 0.4 1
20 0.4 1
20 0.4 1
20 0.4 1
20 0.4 1
20 0.4 1
20 0.4 1
20 0.4 1
20 0.4 1
20 0.4 1
20 0.4 1
20 0.4 1
20 0.4 1
20 0.4 1
20 0.4 1
20 0.4 1
20 0.4 1
20 0.4 1
20 0.4 1
20 0.4 1
20 0.4 1
20 0.4 1
20 0.4 1
20 0.4 1
20 0.4 1
20 0.4 1
20 0.4 1
20 0.4 1
20 0.4 1
20 0.4 1
20 0.4 1
20 0.4 1
20 0.4 1
20 0.4 1
20 0.4 1
20 0.4 1
20 0.4 1
20 0.4 1
20 0.4 1
20 0.4 1
20 0.4 1
20 0.4 1
20 0.4 1
20 0.4 1
20 0.4 1
20 0.4 1
20 0.4 1
20 0.4 1
20 0.4 1
20 0.4 1
20 0.4 0.9875
20 0.4 1
20 0.4 1
20 0.4 1
20 0.4 1
20 0.4 1
20 0.4 1
20 0.4 1
20 0.4 1
20 0.4 1
20 0.4 1
20 0.4 1
20 0.4 1
20 0.4 1
20 0.4 1
20 0.4 1
20 0.4 1
20 0.4 1
20 0.4 1
20 0.4 1
20 0.4 1
20 0.4 1
20 0.4 1
20 0.4 1
20 0.4 1
20 0.4 1
20 0.4 1
20 0.4 1
20 0.4 1
20 0.4 1
20 0.4 1
20 0.4 1
20 0.4 1
20 0.4 1
20 0.4 1
20 0.4 1
20 0.4 1
20 0.4 1
20 0.4 1
20 0.4 1
20 0.4 1
20 0.4 1
20 0.4 1
20 0.4 1
20 0.4 1
20 0.4 1
20 0.4 1
20 0.4 1
20 0.4 1
20 0.4 1
20 0.4 1
20 0.4 1
20 0.4 1
20 0.4 1
20 0.4 1
20 0.4 1
20 0.4 1
20 0.4 1
20 0.4 1
20 0.4 1
20 0.4 1
20 0.4 1
20 0.4 1
20 0.4 1
20 0.4 1
20 0.4 1
20 0.4 1
20 0.4 1
20 0.4 1
20 0.4 1
20 0.4 1
20 0.4 1
20 0.4 1
20 0.4 1
20 0.4 1
20 0.4 1
20 0.4 1
20 0.4 1
20 0.4 1
20 0.4 1
20 0.4 1
20 0.4 1
20 0.4 1
20 0.4 1
20 0.4 1
20 0.4 1
20 0.4 1
20 0.4 1
20 0.4 1
20 0.4 1
20 0.4 1
20 0.4 1
20 0.4 1
20 0.4 1
20 0.4 1
20 0.4 1
20 0.4 1
20 0.4 1
20 0.4 1
20 0.4 1
20 0.4 1
20 0.4 1
20 0.4 1
20 0.4 1
20 0.4 1
20 0.4 1
20 0.4 1
20 0.4 1
20 0.4 1
20 0.4 1
20 0.4 1
20 0.4 1
20 0.4 1
20 0.4 1
20 0.4 1
20 0.4 1
20 0.4 1
20 0.4 1
20 0.4 1
20 0.4 1
20 0.4 1
20 0.4 1
20 0.4 1
20 0.4 1
20 0.45 1
20 0.45 1
20 0.45 1
20 0.45 1
20 0.45 1
20 0.45 1
20 0.45 1
20 0.45 1
20 0.45 1
20 0.45 1
20 0.45 1
20 0.45 1
20 0.45 1
20 0.45 1
20 0.45 1
20 0.45 1
20 0.45 1
20 0.45 1
20 0.45 1
20 0.45 1
20 0.45 1
20 0.45 1
20 0.45 1
20 0.45 1
20 0.45 1
20 0.45 1
20 0.45 1
20 0.45 1
20 0.45 1
20 0.45 1
20 0.45 1
20 0.45 1
20 0.45 1
20 0.45 1
20 0.45 1
20 0.45 1
20 0.45 1
20 0.45 1
20 0.45 1
20 0.45 1
20 0.45 1
20 0.45 1
20 0.45 1
20 0.45 1
20 0.45 1
20 0.45 1
20 0.45 1
20 0.45 1
20 0.45 1
20 0.45 1
20 0.45 1
20 0.45 1
20 0.45 1
20 0.45 1
20 0.45 1
20 0.45 1
20 0.45 1
20 0.45 1
20 0.45 1
20 0.45 1
20 0.45 1
20 0.45 1
20 0.45 1
20 0.45 1
20 0.45 1
20 0.45 1
20 0.45 1
20 0.45 1
20 0.45 1
20 0.45 1
20 0.45 1
20 0.45 1
20 0.45 1
20 0.45 1
20 0.45 1
20 0.45 1
20 0.45 1
20 0.45 1
20 0.45 1
20 0.45 1
20 0.45 1
20 0.45 1
20 0.45 1
20 0.45 1
20 0.45 1
20 0.45 1
20 0.45 1
20 0.45 1
20 0.45 1
20 0.45 1
20 0.45 1
20 0.45 1
20 0.45 1
20 0.45 1
20 0.45 1
20 0.45 1
20 0.45 1
20 0.45 1
20 0.45 1
20 0.45 1
20 0.45 1
20 0.45 1
20 0.45 1
20 0.45 1
20 0.45 1
20 0.45 1
20 0.45 1
20 0.45 1
20 0.45 1
20 0.45 1
20 0.45 1
20 0.45 1
20 0.45 1
20 0.45 1
20 0.45 1
20 0.45 1
20 0.45 1
20 0.45 1
20 0.45 1
20 0.45 1
20 0.45 1
20 0.45 1
20 0.45 1
20 0.45 1
20 0.45 1
20 0.45 1
20 0.45 1
20 0.45 1
20 0.45 1
20 0.45 1
20 0.45 1
20 0.45 1
20 0.45 1
20 0.45 1
20 0.45 1
20 0.45 1
20 0.45 1
20 0.45 1
20 0.45 1
20 0.45 1
20 0.45 1
20 0.45 1
20 0.45 1
20 0.45 1
20 0.45 1
20 0.45 1
20 0.45 1
20 0.45 1
20 0.45 1
20 0.45 1
20 0.45 1
20 0.45 1
20 0.45 1
20 0.45 1
20 0.45 1
20 0.45 1
20 0.45 1
20 0.45 1
20 0.45 1
20 0.45 1
20 0.45 1
20 0.45 1
20 0.45 1
20 0.45 1
20 0.45 1
20 0.45 1
20 0.45 1
20 0.45 1
20 0.45 1
20 0.45 1
20 0.45 1
20 0.45 1
20 0.45 1
20 0.45 1
20 0.45 1
20 0.45 1
20 0.45 1
20 0.45 1
20 0.45 1
20 0.45 1
20 0.45 1
20 0.45 1
20 0.45 1
20 0.45 1
20 0.45 1
20 0.45 1
20 0.45 1
20 0.45 1
20 0.45 1
20 0.45 1
20 0.45 1
20 0.45 1
20 0.45 1
20 0.45 1
20 0.45 1
20 0.45 1
20 0.45 1
20 0.45 1
20 0.45 1
20 0.45 1
20 0.45 1
20 0.45 1
20 0.45 1
20 0.45 1
20 0.45 1
20 0.45 1
20 0.45 1
20 0.45 1
20 0.45 1
20 0.45 1
20 0.45 1
20 0.45 1
20 0.45 1
20 0.45 1
20 0.45 1
20 0.45 1
20 0.45 1
20 0.45 1
20 0.45 1
20 0.45 1
20 0.45 1
20 0.45 1
20 0.45 1
20 0.45 1
20 0.45 1
20 0.45 1
20 0.45 1
20 0.45 1
20 0.45 1
20 0.45 1
20 0.45 1
20 0.45 1
20 0.45 1
20 0.45 1
20 0.45 1
20 0.45 1
20 0.45 1
20 0.45 1
20 0.45 1
20 0.45 1
20 0.5 1
20 0.5 1
20 0.5 1
20 0.5 1
20 0.5 1
20 0.5 1
20 0.5 1
20 0.5 1
20 0.5 1
20 0.5 1
20 0.5 1
20 0.5 1
20 0.5 1
20 0.5 1
20 0.5 1
20 0.5 1
20 0.5 1
20 0.5 1
20 0.5 1
20 0.5 1
20 0.5 1
20 0.5 1
20 0.5 1
20 0.5 1
20 0.5 1
20 0.5 1
20 0.5 1
20 0.5 1
20 0.5 1
20 0.5 1
20 0.5 1
20 0.5 1
20 0.5 1
20 0.5 1
20 0.5 1
20 0.5 1
20 0.5 1
20 0.5 1
20 0.5 1
20 0.5 1
20 0.5 1
20 0.5 1
20 0.5 1
20 0.5 1
20 0.5 1
20 0.5 1
20 0.5 1
20 0.5 1
20 0.5 1
20 0.5 1
20 0.5 1
20 0.5 1
20 0.5 1
20 0.5 1
20 0.5 1
20 0.5 1
20 0.5 1
20 0.5 1
20 0.5 1
20 0.5 1
20 0.5 1
20 0.5 1
20 0.5 1
20 0.5 1
20 0.5 1
20 0.5 1
20 0.5 1
20 0.5 1
20 0.5 1
20 0.5 1
20 0.5 1
20 0.5 1
20 0.5 1
20 0.5 1
20 0.5 1
20 0.5 1
20 0.5 1
20 0.5 1
20 0.5 1
20 0.5 1
20 0.5 1
20 0.5 1
20 0.5 1
20 0.5 1
20 0.5 1
20 0.5 1
20 0.5 1
20 0.5 1
20 0.5 1
20 0.5 1
20 0.5 1
20 0.5 1
20 0.5 1
20 0.5 1
20 0.5 1
20 0.5 1
20 0.5 1
20 0.5 1
20 0.5 1
20 0.5 1
20 0.5 1
20 0.5 1
20 0.5 1
20 0.5 1
20 0.5 1
20 0.5 1
20 0.5 1
20 0.5 1
20 0.5 1
20 0.5 1
20 0.5 1
20 0.5 1
20 0.5 1
20 0.5 1
20 0.5 1
20 0.5 1
20 0.5 1
20 0.5 1
20 0.5 1
20 0.5 1
20 0.5 1
20 0.5 1
20 0.5 1
20 0.5 1
20 0.5 1
20 0.5 1
20 0.5 1
20 0.5 1
20 0.5 1
20 0.5 1
20 0.5 1
20 0.5 1
20 0.5 1
20 0.5 1
20 0.5 1
20 0.5 1
20 0.5 1
20 0.5 1
20 0.5 1
20 0.5 1
20 0.5 1
20 0.5 1
20 0.5 1
20 0.5 1
20 0.5 1
20 0.5 1
20 0.5 1
20 0.5 1
20 0.5 1
20 0.5 1
20 0.5 1
20 0.5 1
20 0.5 1
20 0.5 1
20 0.5 1
20 0.5 1
20 0.5 1
20 0.5 1
20 0.5 1
20 0.5 1
20 0.5 1
20 0.5 1
20 0.5 1
20 0.5 1
20 0.5 1
20 0.5 1
20 0.5 1
20 0.5 1
20 0.5 1
20 0.5 1
20 0.5 1
20 0.5 1
20 0.5 1
20 0.5 1
20 0.5 1
20 0.5 1
20 0.5 1
20 0.5 1
20 0.5 1
20 0.5 1
20 0.5 1
20 0.5 1
20 0.5 1
20 0.5 1
20 0.5 1
20 0.5 1
20 0.5 1
20 0.5 1
20 0.5 1
20 0.5 1
20 0.5 1
20 0.5 1
20 0.5 1
20 0.5 1
20 0.5 1
20 0.5 1
20 0.5 1
20 0.5 1
20 0.5 1
20 0.5 1
20 0.5 1
20 0.5 1
20 0.5 1
20 0.5 1
20 0.5 1
20 0.5 1
20 0.5 1
20 0.5 1
20 0.5 1
20 0.5 1
20 0.5 1
20 0.5 1
20 0.5 1
20 0.5 1
20 0.5 1
20 0.5 1
20 0.5 1
20 0.5 1
20 0.5 1
20 0.5 1
20 0.5 1
20 0.5 1
20 0.5 1
20 0.5 1
20 0.5 1
20 0.5 1
20 0.5 1
20 0.5 1
20 0.5 1
20 0.5 1
20 0.5 1
20 0.5 1
20 0.5 1
20 0.5 1
20 0.5 1
20 0.5 1
20 0.5 1
20 0.5 1
20 0.5 1
20 0.5 1
