10 0.25 0.9625
10 0.25 0.9625
10 0.25 0.9875
10 0.25 0.9625
10 0.25 0.9625
10 0.25 0.975
10 0.25 0.9625
10 0.25 1
10 0.25 0.975
10 0.25 0.95
10 0.25 0.9375
10 0.25 0.95
10 0.25 0.95
10 0.25 0.8875
10 0.25 0.9
10 0.25 0.9125
10 0.25 0.95
10 0.25 0.975
10 0.25 0.9
10 0.25 0.9375
10 0.25 0.95
10 0.25 0.875
10 0.25 0.9
10 0.25 0.9625
10 0.25 0.95
10 0.25 0.9
10 0.25 0.95
10 0.25 0.8625
10 0.25 0.9875
10 0.25 0.8625
10 0.25 0.9625
10 0.25 0.8875
10 0.25 0.975
10 0.25 0.8875
10 0.25 0.9875
10 0.25 0.95
10 0.25 0.9375
10 0.25 0.95
10 0.25 0.95
10 0.25 0.95
10 0.25 0.95
10 0.25 0.95
10 0.25 0.95
10 0.25 0.9625
10 0.25 1
10 0.25 0.9625
10 0.25 0.9625
10 0.25 0.95
10 0.25 0.95
10 0.25 0.9875
10 0.25 0.95
10 0.25 0.9
10 0.25 0.95
10 0.25 0.925
10 0.25 0.8625
10 0.25 0.9
10 0.25 0.9875
10 0.25 0.9125
10 0.25 0.9375
10 0.25 0.9625
10 0.25 0.9125
10 0.25 0.9125
10 0.25 0.9
10 0.25 0.95
10 0.25 0.9625
10 0.25 0.925
10 0.25 0.975
10 0.25 0.9375
10 0.25 0.95
10 0.25 0.9625
10 0.25 0.9125
10 0.25 0.9625
10 0.25 0.95
10 0.25 0.9625
10 0.25 0.9
10 0.25 0.8875
10 0.25 0.925
10 0.25 0.95
10 0.25 0.95
10 0.25 0.95
10 0.25 0.875
10 0.25 0.9125
10 0.25 0.9125
10 0.25 0.95
10 0.25 0.9625
10 0.25 0.9875
10 0.25 0.9375
10 0.25 0.925
10 0.25 0.95
10 0.25 0.975
10 0.25 0.9375
10 0.25 0.95
10 0.25 0.95
10 0.25 0.9375
10 0.25 0.975
10 0.25 0.9375
10 0.25 0.9375
10 0.25 0.9
10 0.25 0.925
10 0.25 0.9125
10 0.25 0.9
10 0.25 0.925
10 0.25 0.975
10 0.25 0.9625
10 0.25 0.9875
10 0.25 0.925
10 0.25 0.925
10 0.25 0.95
10 0.25 0.9375
10 0.25 0.9125
10 0.25 0.975
10 0.25 0.975
10 0.25 0.9125
10 0.25 0.925
10 0.25 0.9375
10 0.25 0.925
10 0.25 0.9375
10 0.25 0.9125
10 0.25 0.9875
10 0.25 0.9875
10 0.25 0.9625
10 0.25 0.95
10 0.25 0.95
10 0.25 1
10 0.25 0.9625
10 0.25 0.9375
10 0.25 0.9125
10 0.25 0.9875
10 0.25 0.9125
10 0.25 0.975
10 0.25 0.9125
10 0.25 0.9625
10 0.25 0.9625
10 0.25 0.925
10 0.25 0.975
10 0.25 0.9625
10 0.25 0.925
10 0.25 0.95
10 0.25 0.9375
10 0.25 0.925
10 0.25 0.95
10 0.25 0.9625
10 0.25 0.925
10 0.25 0.925
10 0.25 0.8625
10 0.25 0.8625
10 0.25 0.95
10 0.25 0.9375
10 0.25 0.925
10 0.25 0.9125
10 0.25 0.85
10 0.25 0.95
10 0.25 0.9375
10 0.25 0.9625
10 0.25 0.9875
10 0.25 0.9375
10 0.25 0.975
10 0.25 1
10 0.25 0.9375
10 0.25 0.975
10 0.25 0.9875
10 0.25 0.9875
10 0.25 0.9625
10 0.25 0.975
10 0.25 0.95
10 0.25 0.9375
10 0.25 0.9375
10 0.25 0.9125
10 0.25 0.9875
10 0.25 0.9375
10 0.25 0.95
10 0.25 0.95
10 0.25 0.9625
10 0.25 0.9375
10 0.25 0.9625
10 0.25 0.9
10 0.25 0.9625
10 0.25 0.9125
10 0.25 0.975
10 0.25 0.8875
10 0.25 0.975
10 0.25 0.95
10 0.25 0.9375
10 0.25 0.9625
10 0.25 0.95
10 0.25 0.925
10 0.25 0.925
10 0.25 0.925
10 0.25 0.975
10 0.25 0.95
10 0.25 1
10 0.25 0.9625
10 0.25 0.9
10 0.25 0.95
10 0.25 0.9125
10 0.25 0.975
10 0.25 0.95
10 0.25 0.975
10 0.25 0.9
10 0.25 0.95
10 0.25 0.9625
10 0.25 0.9625
10 0.25 0.925
10 0.25 0.9375
10 0.25 0.95
10 0.25 0.9125
10 0.25 0.975
10 0.25 0.925
10 0.25 0.8875
10 0.25 0.925
10 0.25 0.9625
10 0.25 0.9375
10 0.25 0.95
10 0.25 0.9625
10 0.25 0.9375
10 0.25 0.9375
10 0.25 0.95
10 0.25 0.8875
10 0.25 0.95
10 0.25 0.975
10 0.25 0.9125
10 0.25 0.9125
10 0.25 0.925
10 0.25 0.9
10 0.25 0.9375
10 0.25 0.9
10 0.25 0.9125
10 0.25 0.925
10 0.25 0.9125
10 0.25 0.9
10 0.25 0.925
10 0.25 0.875
10 0.25 0.925
10 0.25 0.9375
10 0.25 0.9375
10 0.25 0.85
10 0.25 0.9625
10 0.25 0.9375
10 0.25 0.875
10 0.25 0.8875
12 0.25 0.9
12 0.25 0.8625
12 0.25 0.8375
12 0.25 0.9
12 0.25 0.8
12 0.25 0.8125
12 0.25 0.8875
12 0.25 0.85
12 0.25 0.8
12 0.25 0.85
12 0.25 0.825
12 0.25 0.775
12 0.25 0.7625
12 0.25 0.6625
12 0.25 0.8375
12 0.25 0.8125
12 0.25 0.775
12 0.25 0.775
12 0.25 0.725
12 0.25 0.65
12 0.25 0.7625
12 0.25 0.75
12 0.25 0.75
12 0.25 0.65
12 0.25 0.8375
12 0.25 0.8
12 0.25 0.8
12 0.25 0.8125
12 0.25 0.7125
12 0.25 0.675
12 0.25 0.8
12 0.25 0.725
12 0.25 0.725
12 0.25 0.7875
12 0.25 0.75
12 0.25 0.7125
12 0.25 0.775
12 0.25 0.7
12 0.25 0.7875
12 0.25 0.6875
12 0.25 0.85
12 0.25 0.75
12 0.25 0.8125
12 0.25 0.8125
12 0.25 0.85
12 0.25 0.75
12 0.25 0.8125
12 0.25 0.8
12 0.25 0.8125
12 0.25 0.7625
12 0.25 0.8375
12 0.25 0.7625
12 0.25 0.6875
12 0.25 0.7875
12 0.25 0.9
12 0.25 0.6875
12 0.25 0.7625
12 0.25 0.725
12 0.25 0.8125
12 0.25 0.7875
12 0.25 0.8625
12 0.25 0.675
12 0.25 0.8125
12 0.25 0.8125
12 0.25 0.8375
12 0.25 0.75
12 0.25 0.775
12 0.25 0.85
12 0.25 0.8125
12 0.25 0.675
12 0.25 0.7625
12 0.25 0.7875
12 0.25 0.875
12 0.25 0.825
12 0.25 0.7625
12 0.25 0.8125
12 0.25 0.75
12 0.25 0.675
12 0.25 0.8125
12 0.25 0.8
12 0.25 0.7875
12 0.25 0.7875
12 0.25 0.725
12 0.25 0.775
12 0.25 0.8125
12 0.25 0.7875
12 0.25 0.85
12 0.25 0.775
12 0.25 0.9125
12 0.25 0.8375
12 0.25 0.825
12 0.25 0.775
12 0.25 0.7375
12 0.25 0.7625
12 0.25 0.825
12 0.25 0.85
12 0.25 0.75
12 0.25 0.8375
12 0.25 0.775
12 0.25 0.6875
12 0.25 0.8625
12 0.25 0.6875
12 0.25 0.75
12 0.25 0.825
12 0.25 0.7375
12 0.25 0.7625
12 0.25 0.7125
12 0.25 0.7
12 0.25 0.6875
12 0.25 0.8125
12 0.25 0.775
12 0.25 0.725
12 0.25 0.7875
12 0.25 0.725
12 0.25 0.775
12 0.25 0.9125
12 0.25 0.8125
12 0.25 0.8625
12 0.25 0.85
12 0.25 0.775
12 0.25 0.8125
12 0.25 0.8375
12 0.25 0.8125
12 0.25 0.875
12 0.25 0.75
12 0.25 0.7625
12 0.25 0.725
12 0.25 0.825
12 0.25 0.7875
12 0.25 0.85
12 0.25 0.625
12 0.25 0.825
12 0.25 0.8375
12 0.25 0.8125
12 0.25 0.7625
12 0.25 0.7
12 0.25 0.825
12 0.25 0.775
12 0.25 0.8875
12 0.25 0.7375
12 0.25 0.7375
12 0.25 0.7625
12 0.25 0.775
12 0.25 0.6125
12 0.25 0.7
12 0.25 0.7375
12 0.25 0.7125
12 0.25 0.625
12 0.25 0.8125
12 0.25 0.8375
12 0.25 0.7
12 0.25 0.725
12 0.25 0.825
12 0.25 0.6875
12 0.25 0.7125
12 0.25 0.7375
12 0.25 0.7875
12 0.25 0.825
12 0.25 0.8125
12 0.25 0.7375
12 0.25 0.625
12 0.25 0.7375
12 0.25 0.7
12 0.25 0.6
12 0.25 0.65
12 0.25 0.9125
12 0.25 0.8
12 0.25 0.7125
12 0.25 0.8625
12 0.25 0.775
12 0.25 0.7125
12 0.25 0.8625
12 0.25 0.7
12 0.25 0.6875
12 0.25 0.75
12 0.25 0.7625
12 0.25 0.7125
12 0.25 0.775
12 0.25 0.8
12 0.25 0.625
12 0.25 0.8375
12 0.25 0.7125
12 0.25 0.6875
12 0.25 0.825
12 0.25 0.7625
12 0.25 0.625
12 0.25 0.8875
12 0.25 0.7
12 0.25 0.7875
12 0.25 0.825
12 0.25 0.7375
12 0.25 0.8375
12 0.25 0.725
12 0.25 0.6875
12 0.25 0.7875
12 0.25 0.7875
12 0.25 0.6625
12 0.25 0.8875
12 0.25 0.8125
12 0.25 0.825
12 0.25 0.8
12 0.25 0.6625
12 0.25 0.7375
12 0.25 0.675
12 0.25 0.6625
12 0.25 0.675
12 0.25 0.7125
12 0.25 0.6625
12 0.25 0.75
12 0.25 0.675
12 0.25 0.7125
12 0.25 0.775
12 0.25 0.6375
12 0.25 0.675
12 0.25 0.7625
12 0.25 0.7375
12 0.25 0.525
12 0.25 0.7125
12 0.25 0.65
12 0.25 0.7625
12 0.25 0.7375
12 0.25 0.7875
12 0.25 0.5875
12 0.25 0.6875
12 0.25 0.8
12 0.25 0.675
12 0.25 0.7375
12 0.25 0.6875
12 0.25 0.7125
12 0.25 0.7125
12 0.25 0.8125
12 0.25 0.6375
12 0.25 0.7625
12 0.25 0.7125
12 0.25 0.7625
12 0.25 0.775
12 0.25 0.7875
12 0.25 0.75
12 0.25 0.8125
12 0.25 0.625
14 0.25 0.65
14 0.25 0.6875
14 0.25 0.6375
14 0.25 0.5125
14 0.25 0.55
14 0.25 0.5
14 0.25 0.5
14 0.25 0.6125
14 0.25 0.425
14 0.25 0.5375
14 0.25 0.425
14 0.25 0.6625
14 0.25 0.525
14 0.25 0.6625
14 0.25 0.725
14 0.25 0.5125
14 0.25 0.6375
14 0.25 0.4
14 0.25 0.55
14 0.25 0.5
14 0.25 0.65
14 0.25 0.4375
14 0.25 0.5
14 0.25 0.6375
14 0.25 0.5625
14 0.25 0.6
14 0.25 0.4625
14 0.25 0.525
14 0.25 0.6
14 0.25 0.5375
14 0.25 0.575
14 0.25 0.55
14 0.25 0.55
14 0.25 0.55
14 0.25 0.4625
14 0.25 0.4
14 0.25 0.5375
14 0.25 0.45
14 0.25 0.5125
14 0.25 0.3875
14 0.25 0.3625
14 0.25 0.5875
14 0.25 0.4625
14 0.25 0.4
14 0.25 0.6625
14 0.25 0.3875
14 0.25 0.5125
14 0.25 0.275
14 0.25 0.4625
14 0.25 0.5
14 0.25 0.5
14 0.25 0.5375
14 0.25 0.4625
14 0.25 0.6375
14 0.25 0.45
14 0.25 0.475
14 0.25 0.55
14 0.25 0.525
14 0.25 0.3875
14 0.25 0.4375
14 0.25 0.7
14 0.25 0.3
14 0.25 0.4375
14 0.25 0.575
14 0.25 0.525
14 0.25 0.4375
14 0.25 0.4625
14 0.25 0.5625
14 0.25 0.4625
14 0.25 0.4125
14 0.25 0.375
14 0.25 0.5375
14 0.25 0.45
14 0.25 0.525
14 0.25 0.6
14 0.25 0.4375
14 0.25 0.55
14 0.25 0.65
14 0.25 0.6
14 0.25 0.4
14 0.25 0.475
14 0.25 0.5875
14 0.25 0.5
14 0.25 0.525
14 0.25 0.3875
14 0.25 0.475
14 0.25 0.55
14 0.25 0.6375
14 0.25 0.6125
14 0.25 0.575
14 0.25 0.5125
14 0.25 0.55
14 0.25 0.425
14 0.25 0.45
14 0.25 0.5125
14 0.25 0.3875
14 0.25 0.525
14 0.25 0.4375
14 0.25 0.375
14 0.25 0.3125
14 0.25 0.6
14 0.25 0.725
14 0.25 0.6
14 0.25 0.55
14 0.25 0.475
14 0.25 0.5625
14 0.25 0.6625
14 0.25 0.575
14 0.25 0.4875
14 0.25 0.5125
14 0.25 0.325
14 0.25 0.4875
14 0.25 0.55
14 0.25 0.375
14 0.25 0.6125
14 0.25 0.4
14 0.25 0.6
14 0.25 0.6375
14 0.25 0.4625
14 0.25 0.5375
14 0.25 0.6125
14 0.25 0.5375
14 0.25 0.3875
14 0.25 0.5125
14 0.25 0.5
14 0.25 0.5125
14 0.25 0.5125
14 0.25 0.4375
14 0.25 0.4625
14 0.25 0.4375
14 0.25 0.6375
14 0.25 0.55
14 0.25 0.5625
14 0.25 0.425
14 0.25 0.5625
14 0.25 0.5
14 0.25 0.425
14 0.25 0.4375
14 0.25 0.425
14 0.25 0.5875
14 0.25 0.5375
14 0.25 0.4375
14 0.25 0.4875
14 0.25 0.4875
14 0.25 0.5
14 0.25 0.4
14 0.25 0.4625
14 0.25 0.5625
14 0.25 0.425
14 0.25 0.4375
14 0.25 0.475
14 0.25 0.425
14 0.25 0.525
14 0.25 0.4375
14 0.25 0.4125
14 0.25 0.45
14 0.25 0.4875
14 0.25 0.525
14 0.25 0.7
14 0.25 0.375
14 0.25 0.5625
14 0.25 0.5
14 0.25 0.4375
14 0.25 0.55
14 0.25 0.5375
14 0.25 0.5875
14 0.25 0.5125
14 0.25 0.4875
14 0.25 0.5125
14 0.25 0.5
14 0.25 0.5375
14 0.25 0.625
14 0.25 0.4125
14 0.25 0.4375
14 0.25 0.55
14 0.25 0.5125
14 0.25 0.5875
14 0.25 0.475
14 0.25 0.5875
14 0.25 0.5375
14 0.25 0.3875
14 0.25 0.4625
14 0.25 0.575
14 0.25 0.4375
14 0.25 0.5125
14 0.25 0.4875
14 0.25 0.375
14 0.25 0.6
14 0.25 0.4125
14 0.25 0.65
14 0.25 0.4875
14 0.25 0.45
14 0.25 0.4375
14 0.25 0.45
14 0.25 0.3375
14 0.25 0.65
14 0.25 0.5125
14 0.25 0.4875
14 0.25 0.55
14 0.25 0.3375
14 0.25 0.375
14 0.25 0.5625
14 0.25 0.45
14 0.25 0.5625
14 0.25 0.4125
14 0.25 0.35
14 0.25 0.5125
14 0.25 0.4
14 0.25 0.5125
14 0.25 0.475
14 0.25 0.5125
14 0.25 0.4375
14 0.25 0.525
14 0.25 0.425
14 0.25 0.5
14 0.25 0.5375
14 0.25 0.4375
14 0.25 0.5625
14 0.25 0.525
14 0.25 0.45
14 0.25 0.525
14 0.25 0.575
14 0.25 0.65
14 0.25 0.4375
14 0.25 0.5875
14 0.25 0.3875
14 0.25 0.4
14 0.25 0.4375
14 0.25 0.3125
14 0.25 0.4
14 0.25 0.5125
14 0.25 0.475
14 0.25 0.4625
14 0.25 0.4375
14 0.25 0.3375
14 0.25 0.5125
14 0.25 0.5625
14 0.25 0.4
14 0.25 0.5125
14 0.25 0.3
16 0.25 0.2875
16 0.25 0.4
16 0.25 0.5
16 0.25 0.1625
16 0.25 0.2625
16 0.25 0.3125
16 0.25 0.3625
16 0.25 0.3125
16 0.25 0.4125
16 0.25 0.2125
16 0.25 0.325
16 0.25 0.275
16 0.25 0.2625
16 0.25 0.175
16 0.25 0.375
16 0.25 0.2875
16 0.25 0.15
16 0.25 0.25
16 0.25 0.2875
16 0.25 0.275
16 0.25 0.15
16 0.25 0.175
16 0.25 0.3
16 0.25 0.2125
16 0.25 0.1875
16 0.25 0.175
16 0.25 0.225
16 0.25 0.2
16 0.25 0.2625
16 0.25 0.2375
16 0.25 0.4875
16 0.25 0.1875
16 0.25 0.2
16 0.25 0.35
16 0.25 0.3625
16 0.25 0.3
16 0.25 0.3
16 0.25 0.2375
16 0.25 0.225
16 0.25 0.225
16 0.25 0.325
16 0.25 0.2625
16 0.25 0.2375
16 0.25 0.3
16 0.25 0.375
16 0.25 0.275
16 0.25 0.25
16 0.25 0.2625
16 0.25 0.175
16 0.25 0.3875
16 0.25 0.3
16 0.25 0.275
16 0.25 0.2
16 0.25 0.2375
16 0.25 0.225
16 0.25 0.3125
16 0.25 0.2875
16 0.25 0.3875
16 0.25 0.2625
16 0.25 0.2625
16 0.25 0.2375
16 0.25 0.2625
16 0.25 0.2375
16 0.25 0.3625
16 0.25 0.3
16 0.25 0.2625
16 0.25 0.175
16 0.25 0.3625
16 0.25 0.2
16 0.25 0.25
16 0.25 0.25
16 0.25 0.225
16 0.25 0.2125
16 0.25 0.25
16 0.25 0.1875
16 0.25 0.3625
16 0.25 0.35
16 0.25 0.2875
16 0.25 0.2375
16 0.25 0.2875
16 0.25 0.275
16 0.25 0.25
16 0.25 0.4125
16 0.25 0.2
16 0.25 0.4125
16 0.25 0.25
16 0.25 0.2
16 0.25 0.1375
16 0.25 0.325
16 0.25 0.1875
16 0.25 0.3
16 0.25 0.225
16 0.25 0.2375
16 0.25 0.1875
16 0.25 0.4
16 0.25 0.2375
16 0.25 0.275
16 0.25 0.275
16 0.25 0.15
16 0.25 0.3
16 0.25 0.2125
16 0.25 0.3375
16 0.25 0.3625
16 0.25 0.3125
16 0.25 0.2625
16 0.25 0.2375
16 0.25 0.2
16 0.25 0.175
16 0.25 0.2625
16 0.25 0.275
16 0.25 0.2
16 0.25 0.3
16 0.25 0.2875
16 0.25 0.2625
16 0.25 0.2875
16 0.25 0.2125
16 0.25 0.1625
16 0.25 0.2625
16 0.25 0.25
16 0.25 0.1875
16 0.25 0.25
16 0.25 0.2375
16 0.25 0.275
16 0.25 0.35
16 0.25 0.175
16 0.25 0.25
16 0.25 0.2875
16 0.25 0.3
16 0.25 0.325
16 0.25 0.35
16 0.25 0.275
16 0.25 0.2375
16 0.25 0.2
16 0.25 0.3
16 0.25 0.2125
16 0.25 0.2625
16 0.25 0.325
16 0.25 0.2375
16 0.25 0.2625
16 0.25 0.3375
16 0.25 0.375
16 0.25 0.2875
16 0.25 0.2375
16 0.25 0.3125
16 0.25 0.225
16 0.25 0.3
16 0.25 0.3
16 0.25 0.375
16 0.25 0.3
16 0.25 0.2375
16 0.25 0.3125
16 0.25 0.3125
16 0.25 0.175
16 0.25 0.2625
16 0.25 0.2875
16 0.25 0.2375
16 0.25 0.2875
16 0.25 0.2875
16 0.25 0.15
16 0.25 0.25
16 0.25 0.3125
16 0.25 0.275
16 0.25 0.275
16 0.25 0.225
16 0.25 0.25
16 0.25 0.225
16 0.25 0.225
16 0.25 0.375
16 0.25 0.175
16 0.25 0.3875
16 0.25 0.375
16 0.25 0.2375
16 0.25 0.3375
16 0.25 0.2
16 0.25 0.25
16 0.25 0.075
16 0.25 0.325
16 0.25 0.225
16 0.25 0.275
16 0.25 0.2125
16 0.25 0.35
16 0.25 0.3625
16 0.25 0.2375
16 0.25 0.3625
16 0.25 0.2125
16 0.25 0.425
16 0.25 0.3625
16 0.25 0.1875
16 0.25 0.3375
16 0.25 0.175
16 0.25 0.275
16 0.25 0.2375
16 0.25 0.125
16 0.25 0.325
16 0.25 0.2875
16 0.25 0.2875
16 0.25 0.2625
16 0.25 0.2875
16 0.25 0.3125
16 0.25 0.3
16 0.25 0.2625
16 0.25 0.375
16 0.25 0.3
16 0.25 0.425
16 0.25 0.1625
16 0.25 0.225
16 0.25 0.3375
16 0.25 0.1625
16 0.25 0.3625
16 0.25 0.1875
16 0.25 0.175
16 0.25 0.275
16 0.25 0.25
16 0.25 0.25
16 0.25 0.3625
16 0.25 0.2375
16 0.25 0.3625
16 0.25 0.2875
16 0.25 0.3125
16 0.25 0.2875
16 0.25 0.425
16 0.25 0.325
16 0.25 0.35
16 0.25 0.4
16 0.25 0.1375
16 0.25 0.175
16 0.25 0.3875
16 0.25 0.3375
16 0.25 0.3375
16 0.25 0.2875
16 0.25 0.3125
16 0.25 0.35
16 0.25 0.25
16 0.25 0.3875
16 0.25 0.2
16 0.25 0.275
16 0.25 0.25
16 0.25 0.2625
16 0.25 0.35
16 0.25 0.3125
18 0.25 0.1125
18 0.25 0.0875
18 0.25 0.125
18 0.25 0.175
18 0.25 0.1375
18 0.25 0.125
18 0.25 0.0375
18 0.25 0.0375
18 0.25 0.075
18 0.25 0.1625
18 0.25 0.0875
18 0.25 0.0375
18 0.25 0.1125
18 0.25 0.1125
18 0.25 0.0875
18 0.25 0.1625
18 0.25 0.0875
18 0.25 0.15
18 0.25 0.1125
18 0.25 0.05
18 0.25 0.1625
18 0.25 0.2
18 0.25 0.075
18 0.25 0.05
18 0.25 0.125
18 0.25 0.1375
18 0.25 0.0875
18 0.25 0.175
18 0.25 0.1625
18 0.25 0.1125
18 0.25 0.175
18 0.25 0.1
18 0.25 0.1
18 0.25 0.15
18 0.25 0.1875
18 0.25 0.075
18 0.25 0.1125
18 0.25 0.1375
18 0.25 0.075
18 0.25 0.15
18 0.25 0.0875
18 0.25 0.1125
18 0.25 0.125
18 0.25 0.15
18 0.25 0.1
18 0.25 0.1125
18 0.25 0.1875
18 0.25 0.125
18 0.25 0.1125
18 0.25 0.1375
18 0.25 0.1125
18 0.25 0.1375
18 0.25 0.1
18 0.25 0.1125
18 0.25 0.1
18 0.25 0.15
18 0.25 0.2
18 0.25 0.15
18 0.25 0.125
18 0.25 0.1375
18 0.25 0.1375
18 0.25 0.1375
18 0.25 0.1375
18 0.25 0.15
18 0.25 0.1125
18 0.25 0.125
18 0.25 0.125
18 0.25 0.2
18 0.25 0.15
18 0.25 0.1125
18 0.25 0.075
18 0.25 0.1125
18 0.25 0.225
18 0.25 0.1125
18 0.25 0.1375
18 0.25 0.175
18 0.25 0.15
18 0.25 0.2
18 0.25 0.1875
18 0.25 0.0625
18 0.25 0.175
18 0.25 0.2125
18 0.25 0.075
18 0.25 0.225
18 0.25 0.15
18 0.25 0.0625
18 0.25 0.0875
18 0.25 0.15
18 0.25 0.1125
18 0.25 0.125
18 0.25 0.0625
18 0.25 0.2
18 0.25 0.1375
18 0.25 0.175
18 0.25 0.1375
18 0.25 0.2125
18 0.25 0.15
18 0.25 0.225
18 0.25 0.175
18 0.25 0.15
18 0.25 0.1875
18 0.25 0.1625
18 0.25 0.1
18 0.25 0.075
18 0.25 0.1
18 0.25 0.2
18 0.25 0.175
18 0.25 0.125
18 0.25 0.1375
18 0.25 0.1125
18 0.25 0.15
18 0.25 0.1625
18 0.25 0.1375
18 0.25 0.125
18 0.25 0.2
18 0.25 0.15
18 0.25 0.25
18 0.25 0.075
18 0.25 0.15
18 0.25 0.125
18 0.25 0.1375
18 0.25 0.15
18 0.25 0.125
18 0.25 0.1625
18 0.25 0.0875
18 0.25 0.1375
18 0.25 0.1625
18 0.25 0.1125
18 0.25 0.1
18 0.25 0.1375
18 0.25 0.1625
18 0.25 0.125
18 0.25 0.2125
18 0.25 0.1375
18 0.25 0.0875
18 0.25 0.2125
18 0.25 0.125
18 0.25 0.1125
18 0.25 0.1375
18 0.25 0.1
18 0.25 0.1375
18 0.25 0.1
18 0.25 0.1125
18 0.25 0.1625
18 0.25 0.1625
18 0.25 0.1125
18 0.25 0.0875
18 0.25 0.0875
18 0.25 0.225
18 0.25 0.0875
18 0.25 0.1
18 0.25 0.1375
18 0.25 0.125
18 0.25 0.1
18 0.25 0.1
18 0.25 0.1375
18 0.25 0.1375
18 0.25 0.2625
18 0.25 0.2125
18 0.25 0.1625
18 0.25 0.2
18 0.25 0.2
18 0.25 0.175
18 0.25 0.1125
18 0.25 0.175
18 0.25 0.1875
18 0.25 0.1875
18 0.25 0.175
18 0.25 0.175
18 0.25 0.1125
18 0.25 0.1375
18 0.25 0.1
18 0.25 0.1625
18 0.25 0.1875
18 0.25 0.1375
18 0.25 0.125
18 0.25 0.1
18 0.25 0.1875
18 0.25 0.15
18 0.25 0.1875
18 0.25 0.1875
18 0.25 0.1375
18 0.25 0.1625
18 0.25 0.125
18 0.25 0.1875
18 0.25 0.2375
18 0.25 0.175
18 0.25 0.1625
18 0.25 0.1625
18 0.25 0.2125
18 0.25 0.225
18 0.25 0.15
18 0.25 0.15
18 0.25 0.125
18 0.25 0.1625
18 0.25 0.1625
18 0.25 0.075
18 0.25 0.1875
18 0.25 0.1375
18 0.25 0.1875
18 0.25 0.15
18 0.25 0.125
18 0.25 0.175
18 0.25 0.2125
18 0.25 0.1
18 0.25 0.1625
18 0.25 0.1625
18 0.25 0.175
18 0.25 0.1125
18 0.25 0.1125
18 0.25 0.125
18 0.25 0.175
18 0.25 0.1625
18 0.25 0.225
18 0.25 0.175
18 0.25 0.2625
18 0.25 0.175
18 0.25 0.1875
18 0.25 0.1375
18 0.25 0.0875
18 0.25 0.1375
18 0.25 0.15
18 0.25 0.125
18 0.25 0.1625
18 0.25 0.1375
18 0.25 0.1625
18 0.25 0.1125
18 0.25 0.225
18 0.25 0.15
18 0.25 0.2125
18 0.25 0.075
18 0.25 0.1875
18 0.25 0.2125
18 0.25 0.2625
18 0.25 0.25
18 0.25 0.175
18 0.25 0.175
18 0.25 0.225
18 0.25 0.1375
18 0.25 0.1875
20 0.25 0.0625
20 0.25 0.05
20 0.25 0.125
20 0.25 0.075
20 0.25 0.075
20 0.25 0.075
20 0.25 0.1125
20 0.25 0.05
20 0.25 0.0875
20 0.25 0.0625
20 0.25 0.075
20 0.25 0.1
20 0.25 0.1125
20 0.25 0.025
20 0.25 0.075
20 0.25 0.05
20 0.25 0.1125
20 0.25 0.05
20 0.25 0.075
20 0.25 0.0625
20 0.25 0.125
20 0.25 0.0625
20 0.25 0.05
20 0.25 0.1
20 0.25 0.0625
20 0.25 0.1375
20 0.25 0.075
20 0.25 0.025
20 0.25 0.15
20 0.25 0.075
20 0.25 0.075
20 0.25 0.075
20 0.25 0.0625
20 0.25 0.0625
20 0.25 0.0875
20 0.25 0.0875
20 0.25 0.1
20 0.25 0.0875
20 0.25 0.1125
20 0.25 0.1125
20 0.25 0.075
20 0.25 0.1125
20 0.25 0.0875
20 0.25 0.1
20 0.25 0.1
20 0.25 0.0625
20 0.25 0.05
20 0.25 0.0625
20 0.25 0.075
20 0.25 0.1
20 0.25 0.1
20 0.25 0.0375
20 0.25 0.075
20 0.25 0.0875
20 0.25 0.0875
20 0.25 0.1
20 0.25 0.0875
20 0.25 0.0875
20 0.25 0.1
20 0.25 0.1125
20 0.25 0.0625
20 0.25 0.0625
20 0.25 0.0625
20 0.25 0.125
20 0.25 0.0625
20 0.25 0.1125
20 0.25 0.1125
20 0.25 0.075
20 0.25 0.0875
20 0.25 0.075
20 0.25 0.1125
20 0.25 0.0875
20 0.25 0.1125
20 0.25 0.0875
20 0.25 0.125
20 0.25 0.1
20 0.25 0.0875
20 0.25 0.0875
20 0.25 0.125
20 0.25 0.0875
20 0.25 0.0875
20 0.25 0.175
20 0.25 0.0875
20 0.25 0.0625
20 0.25 0.1125
20 0.25 0.075
20 0.25 0.1125
20 0.25 0.05
20 0.25 0.125
20 0.25 0.1625
20 0.25 0.1375
20 0.25 0.1125
20 0.25 0.0625
20 0.25 0.1375
20 0.25 0.1
20 0.25 0.0625
20 0.25 0.0875
20 0.25 0.1125
20 0.25 0.0375
20 0.25 0.1
20 0.25 0.1
20 0.25 0.0625
20 0.25 0.1
20 0.25 0.075
20 0.25 0.0875
20 0.25 0.075
20 0.25 0.1125
20 0.25 0.125
20 0.25 0.1125
20 0.25 0.075
20 0.25 0.075
20 0.25 0.1125
20 0.25 0.1125
20 0.25 0.0875
20 0.25 0.15
20 0.25 0.0625
20 0.25 0.075
20 0.25 0.0875
20 0.25 0.125
20 0.25 0.0625
20 0.25 0.0875
20 0.25 0.1125
20 0.25 0.075
20 0.25 0.075
20 0.25 0.075
20 0.25 0.0875
20 0.25 0.125
20 0.25 0.1125
20 0.25 0.1
20 0.25 0.175
20 0.25 0.175
20 0.25 0.0875
20 0.25 0.0875
20 0.25 0.1125
20 0.25 0.0875
20 0.25 0.125
20 0.25 0.0625
20 0.25 0.1125
20 0.25 0.0375
20 0.25 0.1
20 0.25 0.15
20 0.25 0.1125
20 0.25 0.125
20 0.25 0.1625
20 0.25 0.0875
20 0.25 0.1375
20 0.25 0.1125
20 0.25 0.1625
20 0.25 0.0875
20 0.25 0.1375
20 0.25 0.0625
20 0.25 0.075
20 0.25 0.0875
20 0.25 0.1125
20 0.25 0.1125
20 0.25 0.1625
20 0.25 0.1125
20 0.25 0.2
20 0.25 0.1
20 0.25 0.0875
20 0.25 0.0625
20 0.25 0.1
20 0.25 0.1
20 0.25 0.1125
20 0.25 0.1
20 0.25 0.1125
20 0.25 0.1375
20 0.25 0.15
20 0.25 0.0625
20 0.25 0.1375
20 0.25 0.1125
20 0.25 0.1
20 0.25 0.125
20 0.25 0.1375
20 0.25 0.0625
20 0.25 0.1375
20 0.25 0.1375
20 0.25 0.075
20 0.25 0.0875
20 0.25 0.1375
20 0.25 0.1625
20 0.25 0.1
20 0.25 0.075
20 0.25 0.125
20 0.25 0.0875
20 0.25 0.0875
20 0.25 0.1125
20 0.25 0.1125
20 0.25 0.1375
20 0.25 0.15
20 0.25 0.1
20 0.25 0.1625
20 0.25 0.125
20 0.25 0.1
20 0.25 0.075
20 0.25 0.1
20 0.25 0.1
20 0.25 0.1
20 0.25 0.15
20 0.25 0.1125
20 0.25 0.0875
20 0.25 0.0875
20 0.25 0.125
20 0.25 0.1
20 0.25 0.1375
20 0.25 0.1125
20 0.25 0.075
20 0.25 0.1
20 0.25 0.1
20 0.25 0.1125
20 0.25 0.1125
20 0.25 0.1125
20 0.25 0.075
20 0.25 0.0625
20 0.25 0.125
20 0.25 0.125
20 0.25 0.1375
20 0.25 0.0625
20 0.25 0.1125
20 0.25 0.075
20 0.25 0.1
20 0.25 0.15
20 0.25 0.15
20 0.25 0.125
20 0.25 0.175
20 0.25 0.175
20 0.25 0.1
20 0.25 0.225
20 0.25 0.1125
20 0.25 0.1625
20 0.25 0.1
20 0.25 0.1375
20 0.25 0.1625
20 0.25 0.15
20 0.25 0.175
20 0.25 0.1625
20 0.25 0.15
20 0.25 0.1375
20 0.25 0.1
20 0.25 0.1125
24 0.25 0.0375
24 0.25 0.0375
24 0.25 0.0375
24 0.25 0.0375
24 0.25 0.1
24 0.25 0.05
24 0.25 0.075
24 0.25 0.025
24 0.25 0.05
24 0.25 0.0625
24 0.25 0.0125
24 0.25 0.025
24 0.25 0.0375
24 0.25 0.075
24 0.25 0.05
24 0.25 0.0625
24 0.25 0.0625
24 0.25 0.075
24 0.25 0.075
24 0.25 0.0875
24 0.25 0.0375
24 0.25 0.0125
24 0.25 0.0625
24 0.25 0.0625
24 0.25 0.075
24 0.25 0.075
24 0.25 0.0625
24 0.25 0.0625
24 0.25 0.075
24 0.25 0.05
24 0.25 0.0375
24 0.25 0.0375
24 0.25 0.1
24 0.25 0.1125
24 0.25 0.0625
24 0.25 0.0625
24 0.25 0.0625
24 0.25 0.0875
24 0.25 0.0375
24 0.25 0.075
24 0.25 0.05
24 0.25 0.125
24 0.25 0.1
24 0.25 0.05
24 0.25 0.0375
24 0.25 0.0625
24 0.25 0.15
24 0.25 0.0625
24 0.25 0.0375
24 0.25 0.075
24 0.25 0.0625
24 0.25 0.0375
24 0.25 0.025
24 0.25 0.0875
24 0.25 0.0375
24 0.25 0.0625
24 0.25 0.0875
24 0.25 0.05
24 0.25 0.025
24 0.25 0.0625
24 0.25 0.075
24 0.25 0.0375
24 0.25 0.15
24 0.25 0.05
24 0.25 0.1
24 0.25 0.05
24 0.25 0.05
24 0.25 0.0875
24 0.25 0.0625
24 0.25 0.0625
24 0.25 0.025
24 0.25 0.075
24 0.25 0.0375
24 0.25 0.0375
24 0.25 0.075
24 0.25 0.125
24 0.25 0.0625
24 0.25 0.0625
24 0.25 0.0625
24 0.25 0.0625
24 0.25 0.0625
24 0.25 0.0125
24 0.25 0.05
24 0.25 0.05
24 0.25 0.1125
24 0.25 0.0625
24 0.25 0.1
24 0.25 0.1125
24 0.25 0.05
24 0.25 0.05
24 0.25 0.1125
24 0.25 0.0875
24 0.25 0.075
24 0.25 0.125
24 0.25 0.1125
24 0.25 0.0875
24 0.25 0.075
24 0.25 0.1
24 0.25 0.0625
24 0.25 0.1
24 0.25 0.05
24 0.25 0.0375
24 0.25 0.0625
24 0.25 0.0625
24 0.25 0.0375
24 0.25 0.1125
24 0.25 0.0625
24 0.25 0.1125
24 0.25 0.1125
24 0.25 0.0625
24 0.25 0.0625
24 0.25 0.0625
24 0.25 0.025
24 0.25 0.1125
24 0.25 0.1125
24 0.25 0.1125
24 0.25 0.0625
24 0.25 0.0625
24 0.25 0.075
24 0.25 0.0875
24 0.25 0.0875
24 0.25 0.075
24 0.25 0.0875
24 0.25 0.05
24 0.25 0.05
24 0.25 0.075
24 0.25 0.0625
24 0.25 0.075
24 0.25 0.0625
24 0.25 0.1
24 0.25 0.0875
24 0.25 0.0875
24 0.25 0.0875
24 0.25 0.1125
24 0.25 0.05
24 0.25 0.05
24 0.25 0.125
24 0.25 0.0875
24 0.25 0.05
24 0.25 0.0625
24 0.25 0.1125
24 0.25 0.1125
24 0.25 0.05
24 0.25 0.0875
24 0.25 0.1375
24 0.25 0.0625
24 0.25 0.0875
24 0.25 0.0625
24 0.25 0.0625
24 0.25 0.0625
24 0.25 0.075
24 0.25 0.075
24 0.25 0.0625
24 0.25 0.1
24 0.25 0.0625
24 0.25 0.1
24 0.25 0.05
24 0.25 0.075
24 0.25 0.1
24 0.25 0.0625
24 0.25 0.1125
24 0.25 0.0625
24 0.25 0.05
24 0.25 0.0375
24 0.25 0.125
24 0.25 0.075
24 0.25 0.0875
24 0.25 0.125
24 0.25 0.1
24 0.25 0.0875
24 0.25 0.0875
24 0.25 0.1125
24 0.25 0.1375
24 0.25 0.125
24 0.25 0.1375
24 0.25 0.1375
24 0.25 0.1375
24 0.25 0.0875
24 0.25 0.075
24 0.25 0.0375
24 0.25 0.1375
24 0.25 0.0625
24 0.25 0.1125
24 0.25 0.0625
24 0.25 0.0625
24 0.25 0.075
24 0.25 0.0875
24 0.25 0.15
24 0.25 0.0625
24 0.25 0.0875
24 0.25 0.0875
24 0.25 0.1
24 0.25 0.1125
24 0.25 0.125
24 0.25 0.1
24 0.25 0.0625
24 0.25 0.075
24 0.25 0.0875
24 0.25 0.1125
24 0.25 0.125
24 0.25 0.1
24 0.25 0.075
24 0.25 0.125
24 0.25 0.1375
24 0.25 0.1
24 0.25 0.1375
24 0.25 0.15
24 0.25 0.0625
24 0.25 0.125
24 0.25 0.15
24 0.25 0.1
24 0.25 0.075
24 0.25 0.0875
24 0.25 0.1375
24 0.25 0.1375
24 0.25 0.0875
24 0.25 0.0875
24 0.25 0.125
24 0.25 0.075
24 0.25 0.0625
24 0.25 0.1125
24 0.25 0.0625
24 0.25 0.0875
24 0.25 0.125
24 0.25 0.1375
24 0.25 0.0875
24 0.25 0.075
24 0.25 0.1375
24 0.25 0.075
24 0.25 0.1
24 0.25 0.125
24 0.25 0.1625
24 0.25 0.0875
24 0.25 0.125
24 0.25 0.15
24 0.25 0.0625
24 0.25 0.1125
24 0.25 0.125
24 0.25 0.0875
24 0.25 0.0875
28 0.25 0.025
28 0.25 0.05
28 0.25 0.0625
28 0.25 0.1
28 0.25 0.05
28 0.25 0.025
28 0.25 0.05
28 0.25 0.0625
28 0.25 0.0625
28 0.25 0.0375
28 0.25 0.025
28 0.25 0.0375
28 0.25 0.0375
28 0.25 0.0625
28 0.25 0.025
28 0.25 0.075
28 0.25 0.075
28 0.25 0.1
28 0.25 0.025
28 0.25 0.0375
28 0.25 0.05
28 0.25 0.1125
28 0.25 0.05
28 0.25 0.05
28 0.25 0.05
28 0.25 0.0625
28 0.25 0.0375
28 0.25 0.05
28 0.25 0.0375
28 0.25 0.0625
28 0.25 0.0875
28 0.25 0.075
28 0.25 0.0875
28 0.25 0.0625
28 0.25 0.0625
28 0.25 0.0375
28 0.25 0.0625
28 0.25 0.1
28 0.25 0.0625
28 0.25 0.025
28 0.25 0.05
28 0.25 0.05
28 0.25 0.075
28 0.25 0.075
28 0.25 0.0625
28 0.25 0.05
28 0.25 0.0875
28 0.25 0.0625
28 0.25 0.075
28 0.25 0.0625
28 0.25 0.0625
28 0.25 0.075
28 0.25 0.0625
28 0.25 0.05
28 0.25 0.025
28 0.25 0.0625
28 0.25 0.0625
28 0.25 0.0375
28 0.25 0.025
28 0.25 0.075
28 0.25 0.075
28 0.25 0.05
28 0.25 0.1
28 0.25 0.1
28 0.25 0.0375
28 0.25 0.1125
28 0.25 0.0625
28 0.25 0.05
28 0.25 0.0375
28 0.25 0.1
28 0.25 0.0125
28 0.25 0.0625
28 0.25 0.0875
28 0.25 0.1
28 0.25 0.0625
28 0.25 0.0625
28 0.25 0.0375
28 0.25 0.0875
28 0.25 0.0625
28 0.25 0.025
28 0.25 0.075
28 0.25 0.025
28 0.25 0.025
28 0.25 0.075
28 0.25 0.0625
28 0.25 0.1
28 0.25 0.0375
28 0.25 0.1
28 0.25 0.0625
28 0.25 0.1
28 0.25 0.0625
28 0.25 0.075
28 0.25 0.075
28 0.25 0.05
28 0.25 0.0875
28 0.25 0.0875
28 0.25 0.0875
28 0.25 0.1
28 0.25 0.05
28 0.25 0.0875
28 0.25 0.1125
28 0.25 0.0625
28 0.25 0.05
28 0.25 0.075
28 0.25 0.0875
28 0.25 0.05
28 0.25 0.1
28 0.25 0.05
28 0.25 0.0875
28 0.25 0.0625
28 0.25 0.05
28 0.25 0.0875
28 0.25 0.0875
28 0.25 0.075
28 0.25 0.05
28 0.25 0.0625
28 0.25 0.0625
28 0.25 0.0625
28 0.25 0.125
28 0.25 0.0875
28 0.25 0.0625
28 0.25 0.075
28 0.25 0.1125
28 0.25 0.1125
28 0.25 0.0875
28 0.25 0.1125
28 0.25 0.0625
28 0.25 0.0625
28 0.25 0.1125
28 0.25 0.05
28 0.25 0.0625
28 0.25 0.0875
28 0.25 0.1
28 0.25 0.075
28 0.25 0.1625
28 0.25 0.0625
28 0.25 0.1
28 0.25 0.05
28 0.25 0.075
28 0.25 0.1125
28 0.25 0.0875
28 0.25 0.0375
28 0.25 0.0375
28 0.25 0.075
28 0.25 0.125
28 0.25 0.075
28 0.25 0.05
28 0.25 0.05
28 0.25 0.1
28 0.25 0.0375
28 0.25 0.0875
28 0.25 0.075
28 0.25 0.0625
28 0.25 0.05
28 0.25 0.05
28 0.25 0.1125
28 0.25 0.075
28 0.25 0.05
28 0.25 0.0625
28 0.25 0.1125
28 0.25 0.125
28 0.25 0.0375
28 0.25 0.0875
28 0.25 0.0625
28 0.25 0.0875
28 0.25 0.0875
28 0.25 0.0625
28 0.25 0.075
28 0.25 0.0625
28 0.25 0.1
28 0.25 0.0875
28 0.25 0.0625
28 0.25 0.1125
28 0.25 0.075
28 0.25 0.15
28 0.25 0.075
28 0.25 0.075
28 0.25 0.1
28 0.25 0.1
28 0.25 0.075
28 0.25 0.0875
28 0.25 0.075
28 0.25 0.075
28 0.25 0.05
28 0.25 0.0375
28 0.25 0.125
28 0.25 0.1
28 0.25 0.0625
28 0.25 0.1
28 0.25 0.05
28 0.25 0.1
28 0.25 0.075
28 0.25 0.1125
28 0.25 0.1125
28 0.25 0.0875
28 0.25 0.0875
28 0.25 0.1125
28 0.25 0.0875
28 0.25 0.0875
28 0.25 0.125
28 0.25 0.0625
28 0.25 0.1
28 0.25 0.1125
28 0.25 0.1
28 0.25 0.0625
28 0.25 0.075
28 0.25 0.0875
28 0.25 0.1
28 0.25 0.075
28 0.25 0.1
28 0.25 0.125
28 0.25 0.1
28 0.25 0.0875
28 0.25 0.075
28 0.25 0.0625
28 0.25 0.1
28 0.25 0.0625
28 0.25 0.0875
28 0.25 0.075
28 0.25 0.125
28 0.25 0.1
28 0.25 0.0875
28 0.25 0.125
28 0.25 0.1
28 0.25 0.125
28 0.25 0.1
28 0.25 0.1
28 0.25 0.125
28 0.25 0.125
28 0.25 0.075
28 0.25 0.125
28 0.25 0.1
28 0.25 0.0625
28 0.25 0.1
28 0.25 0.1375
28 0.25 0.0625
28 0.25 0.1375
28 0.25 0.125
28 0.25 0.1375
28 0.25 0.1375
32 0.25 0.05
32 0.25 0.05
32 0.25 0.0625
32 0.25 0.0625
32 0.25 0.05
32 0.25 0.0125
32 0.25 0.0375
32 0.25 0.05
32 0.25 0.0375
32 0.25 0.075
32 0.25 0.05
32 0.25 0.075
32 0.25 0.05
32 0.25 0.025
32 0.25 0.0125
32 0.25 0.025
32 0.25 0.075
32 0.25 0.05
32 0.25 0.05
32 0.25 0.0375
32 0.25 0.1
32 0.25 0.025
32 0.25 0.0375
32 0.25 0.075
32 0.25 0.075
32 0.25 0.05
32 0.25 0.075
32 0.25 0.0625
32 0.25 0.0875
32 0.25 0.075
32 0.25 0.1125
32 0.25 0.0875
32 0.25 0.075
32 0.25 0.05
32 0.25 0.0375
32 0.25 0.05
32 0.25 0.075
32 0.25 0.075
32 0.25 0.0625
32 0.25 0.0625
32 0.25 0.05
32 0.25 0.05
32 0.25 0.0625
32 0.25 0.025
32 0.25 0.025
32 0.25 0.0875
32 0.25 0.05
32 0.25 0.05
32 0.25 0.0375
32 0.25 0.0625
32 0.25 0.0375
32 0.25 0.0125
32 0.25 0.0625
32 0.25 0.05
32 0.25 0.0625
32 0.25 0.0375
32 0.25 0.05
32 0.25 0.0375
32 0.25 0.0625
32 0.25 0.0375
32 0.25 0.125
32 0.25 0.0375
32 0.25 0.0375
32 0.25 0.0375
32 0.25 0.0375
32 0.25 0.05
32 0.25 0.025
32 0.25 0.0625
32 0.25 0.075
32 0.25 0.0375
32 0.25 0.05
32 0.25 0.0375
32 0.25 0.0625
32 0.25 0.0375
32 0.25 0.05
32 0.25 0.0625
32 0.25 0.0375
32 0.25 0.0375
32 0.25 0.025
32 0.25 0.05
32 0.25 0.05
32 0.25 0.0625
32 0.25 0.0375
32 0.25 0.025
32 0.25 0.05
32 0.25 0.0625
32 0.25 0.0875
32 0.25 0.05
32 0.25 0.05
32 0.25 0.0875
32 0.25 0.075
32 0.25 0.0625
32 0.25 0.0875
32 0.25 0.05
32 0.25 0.0875
32 0.25 0.075
32 0.25 0.0875
32 0.25 0.05
32 0.25 0.0625
32 0.25 0.075
32 0.25 0.0625
32 0.25 0.075
32 0.25 0.05
32 0.25 0.0625
32 0.25 0.075
32 0.25 0.0625
32 0.25 0.0625
32 0.25 0.075
32 0.25 0.075
32 0.25 0.05
32 0.25 0.05
32 0.25 0.05
32 0.25 0.075
32 0.25 0.1125
32 0.25 0.075
32 0.25 0.0375
32 0.25 0.0375
32 0.25 0.075
32 0.25 0.0375
32 0.25 0.0875
32 0.25 0.0875
32 0.25 0.0625
32 0.25 0.0625
32 0.25 0.0625
32 0.25 0.075
32 0.25 0.075
32 0.25 0.0625
32 0.25 0.075
32 0.25 0.05
32 0.25 0.0375
32 0.25 0.1375
32 0.25 0.05
32 0.25 0.0875
32 0.25 0.0875
32 0.25 0.0625
32 0.25 0.0875
32 0.25 0.0875
32 0.25 0.075
32 0.25 0.1
32 0.25 0.0875
32 0.25 0.0625
32 0.25 0.1
32 0.25 0.1125
32 0.25 0.0875
32 0.25 0.05
32 0.25 0.0875
32 0.25 0.1125
32 0.25 0.05
32 0.25 0.075
32 0.25 0.1375
32 0.25 0.0375
32 0.25 0.075
32 0.25 0.0875
32 0.25 0.0375
32 0.25 0.125
32 0.25 0.0875
32 0.25 0.05
32 0.25 0.1125
32 0.25 0.1375
32 0.25 0.1
32 0.25 0.0875
32 0.25 0.075
32 0.25 0.05
32 0.25 0.0625
32 0.25 0.0625
32 0.25 0.075
32 0.25 0.0875
32 0.25 0.0625
32 0.25 0.075
32 0.25 0.1
32 0.25 0.075
32 0.25 0.0625
32 0.25 0.0375
32 0.25 0.075
32 0.25 0.1125
32 0.25 0.1125
32 0.25 0.075
32 0.25 0.1
32 0.25 0.075
32 0.25 0.075
32 0.25 0.075
32 0.25 0.0625
32 0.25 0.0625
32 0.25 0.1
32 0.25 0.05
32 0.25 0.125
32 0.25 0.0875
32 0.25 0.05
32 0.25 0.05
32 0.25 0.1125
32 0.25 0.05
32 0.25 0.0625
32 0.25 0.125
32 0.25 0.075
32 0.25 0.075
32 0.25 0.0875
32 0.25 0.075
32 0.25 0.125
32 0.25 0.05
32 0.25 0.1
32 0.25 0.075
32 0.25 0.0625
32 0.25 0.0875
32 0.25 0.075
32 0.25 0.0875
32 0.25 0.0875
32 0.25 0.075
32 0.25 0.05
32 0.25 0.1
32 0.25 0.075
32 0.25 0.0625
32 0.25 0.1
32 0.25 0.15
32 0.25 0.075
32 0.25 0.0875
32 0.25 0.05
32 0.25 0.05
32 0.25 0.0875
32 0.25 0.075
32 0.25 0.0625
32 0.25 0.075
32 0.25 0.0625
32 0.25 0.1125
32 0.25 0.0625
32 0.25 0.1125
32 0.25 0.0875
32 0.25 0.0875
32 0.25 0.1125
32 0.25 0.1
32 0.25 0.0625
32 0.25 0.0875
32 0.25 0.0875
32 0.25 0.05
32 0.25 0.125
32 0.25 0.0875
32 0.25 0.125
32 0.25 0.075
32 0.25 0.1125
32 0.25 0.1125
32 0.25 0.1625
40 0.25 0.0375
40 0.25 0.0375
40 0.25 0.0625
40 0.25 0.0375
40 0.25 0.025
40 0.25 0.025
40 0.25 0.0125
40 0.25 0.075
40 0.25 0.025
40 0.25 0.0375
40 0.25 0.05
40 0.25 0.075
40 0.25 0.0375
40 0.25 0.0375
40 0.25 0.0125
40 0.25 0.0125
40 0.25 0.0375
40 0.25 0.0125
40 0.25 0.05
40 0.25 0.025
40 0.25 0.0375
40 0.25 0.0375
40 0.25 0.025
40 0.25 0.0375
40 0.25 0.05
40 0.25 0.0375
40 0.25 0.05
40 0.25 0.025
40 0.25 0.0125
40 0.25 0.025
40 0.25 0.0375
40 0.25 0.025
40 0.25 0.075
40 0.25 0.05
40 0.25 0.0625
40 0.25 0.0625
40 0.25 0.0375
40 0.25 0.0125
40 0.25 0.0625
40 0.25 0.0625
40 0.25 0.0625
40 0.25 0.05
40 0.25 0.05
40 0.25 0.0625
40 0.25 0.0875
40 0.25 0.0375
40 0.25 0.025
40 0.25 0.05
40 0.25 0.05
40 0.25 0.0625
40 0.25 0.0375
40 0.25 0.0375
40 0.25 0.0875
40 0.25 0.075
40 0.25 0.0375
40 0.25 0.05
40 0.25 0.0125
40 0.25 0.05
40 0.25 0.05
40 0.25 0.0625
40 0.25 0.0375
40 0.25 0.0375
40 0.25 0.0375
40 0.25 0.0625
40 0.25 0.025
40 0.25 0.025
40 0.25 0.05
40 0.25 0.0875
40 0.25 0.05
40 0.25 0.0375
40 0.25 0.025
40 0.25 0.0625
40 0.25 0.025
40 0.25 0.025
40 0.25 0.05
40 0.25 0.05
40 0.25 0.025
40 0.25 0.0625
40 0.25 0.0875
40 0.25 0.05
40 0.25 0.025
40 0.25 0.0375
40 0.25 0.1
40 0.25 0.0375
40 0.25 0.025
40 0.25 0.075
40 0.25 0.05
40 0.25 0.0375
40 0.25 0.0625
40 0.25 0.0625
40 0.25 0.075
40 0.25 0.075
40 0.25 0.125
40 0.25 0.0375
40 0.25 0.0625
40 0.25 0.05
40 0.25 0.075
40 0.25 0.025
40 0.25 0.0875
40 0.25 0.0625
40 0.25 0.075
40 0.25 0.1
40 0.25 0.075
40 0.25 0.05
40 0.25 0.075
40 0.25 0.0875
40 0.25 0.0375
40 0.25 0.0375
40 0.25 0.1
40 0.25 0.0125
40 0.25 0.025
40 0.25 0.05
40 0.25 0.025
40 0.25 0.0625
40 0.25 0.0875
40 0.25 0.05
40 0.25 0.0625
40 0.25 0.1
40 0.25 0.0625
40 0.25 0.05
40 0.25 0.0875
40 0.25 0.075
40 0.25 0.0875
40 0.25 0.1
40 0.25 0.0625
40 0.25 0.05
40 0.25 0.075
40 0.25 0.075
40 0.25 0.1
40 0.25 0.0625
40 0.25 0.05
40 0.25 0.125
40 0.25 0.0625
40 0.25 0.0625
40 0.25 0.0625
40 0.25 0.05
40 0.25 0.0625
40 0.25 0.0625
40 0.25 0.0625
40 0.25 0.05
40 0.25 0.0625
40 0.25 0.1
40 0.25 0.075
40 0.25 0.0625
40 0.25 0.0875
40 0.25 0.0375
40 0.25 0.075
40 0.25 0.0625
40 0.25 0.025
40 0.25 0.05
40 0.25 0.0875
40 0.25 0.075
40 0.25 0.0625
40 0.25 0.05
40 0.25 0.0375
40 0.25 0.0875
40 0.25 0.0625
40 0.25 0.0875
40 0.25 0.075
40 0.25 0.0625
40 0.25 0.075
40 0.25 0.05
40 0.25 0.1
40 0.25 0.05
40 0.25 0.05
40 0.25 0.0625
40 0.25 0.05
40 0.25 0.05
40 0.25 0.075
40 0.25 0.075
40 0.25 0.1
40 0.25 0.05
40 0.25 0.025
40 0.25 0.0625
40 0.25 0.075
40 0.25 0.05
40 0.25 0.0625
40 0.25 0.1125
40 0.25 0.0625
40 0.25 0.075
40 0.25 0.0625
40 0.25 0.125
40 0.25 0.075
40 0.25 0.0625
40 0.25 0.05
40 0.25 0.0625
40 0.25 0.0625
40 0.25 0.075
40 0.25 0.075
40 0.25 0.1
40 0.25 0.05
40 0.25 0.075
40 0.25 0.075
40 0.25 0.1
40 0.25 0.05
40 0.25 0.075
40 0.25 0.0875
40 0.25 0.0875
40 0.25 0.05
40 0.25 0.0875
40 0.25 0.1
40 0.25 0.075
40 0.25 0.025
40 0.25 0.05
40 0.25 0.0625
40 0.25 0.125
40 0.25 0.0375
40 0.25 0.1125
40 0.25 0.05
40 0.25 0.0875
40 0.25 0.075
40 0.25 0.075
40 0.25 0.125
40 0.25 0.05
40 0.25 0.05
40 0.25 0.0625
40 0.25 0.075
40 0.25 0.15
40 0.25 0.075
40 0.25 0.1125
40 0.25 0.075
40 0.25 0.0625
40 0.25 0.1
40 0.25 0.05
40 0.25 0.075
40 0.25 0.0875
40 0.25 0.0625
40 0.25 0.1
40 0.25 0.1
40 0.25 0.0875
40 0.25 0.1125
40 0.25 0.1
40 0.25 0.0875
40 0.25 0.1125
40 0.25 0.075
40 0.25 0.1375
40 0.25 0.125
40 0.25 0.0875
40 0.25 0.15
40 0.25 0.1
