10 0.3 1
10 0.3 1
10 0.3 1
10 0.3 1
10 0.3 1
10 0.3 1
10 0.3 1
10 0.3 1
10 0.3 1
10 0.3 1
10 0.3 1
10 0.3 1
10 0.3 1
10 0.3 0.9875
10 0.3 0.9875
10 0.3 1
10 0.3 1
10 0.3 0.9875
10 0.3 0.975
10 0.3 0.95
10 0.3 0.9875
10 0.3 0.9875
10 0.3 1
10 0.3 1
10 0.3 0.9875
10 0.3 1
10 0.3 0.9875
10 0.3 1
10 0.3 1
10 0.3 0.9875
10 0.3 1
10 0.3 1
10 0.3 1
10 0.3 1
10 0.3 1
10 0.3 0.9875
10 0.3 1
10 0.3 1
10 0.3 1
10 0.3 1
10 0.3 1
10 0.3 1
10 0.3 1
10 0.3 0.9875
10 0.3 1
10 0.3 1
10 0.3 0.9875
10 0.3 1
10 0.3 1
10 0.3 0.9875
10 0.3 0.9875
10 0.3 1
10 0.3 1
10 0.3 1
10 0.3 0.975
10 0.3 1
10 0.3 1
10 0.3 0.9875
10 0.3 1
10 0.3 1
10 0.3 1
10 0.3 1
10 0.3 0.9875
10 0.3 1
10 0.3 1
10 0.3 1
10 0.3 1
10 0.3 1
10 0.3 1
10 0.3 0.9875
10 0.3 0.9875
10 0.3 1
10 0.3 1
10 0.3 0.9625
10 0.3 1
10 0.3 0.9875
10 0.3 1
10 0.3 1
10 0.3 0.9875
10 0.3 1
10 0.3 0.9625
10 0.3 0.975
10 0.3 0.9875
10 0.3 1
10 0.3 0.95
10 0.3 1
10 0.3 0.975
10 0.3 0.9875
10 0.3 0.9625
10 0.3 1
10 0.3 1
10 0.3 0.975
10 0.3 1
10 0.3 1
10 0.3 1
10 0.3 0.9875
10 0.3 1
10 0.3 1
10 0.3 1
10 0.3 0.975
10 0.3 0.9875
10 0.3 1
10 0.3 1
10 0.3 1
10 0.3 1
10 0.3 1
10 0.3 1
10 0.3 1
10 0.3 1
10 0.3 1
10 0.3 1
10 0.3 0.9875
10 0.3 0.9875
10 0.3 0.9875
10 0.3 1
10 0.3 1
10 0.3 1
10 0.3 0.9875
10 0.3 0.9875
10 0.3 0.975
10 0.3 1
10 0.3 0.9875
10 0.3 1
10 0.3 0.975
10 0.3 1
10 0.3 0.9875
10 0.3 0.9875
10 0.3 1
10 0.3 1
10 0.3 1
10 0.3 1
10 0.3 1
10 0.3 1
10 0.3 0.9875
10 0.3 1
10 0.3 1
10 0.3 1
10 0.3 1
10 0.3 0.9875
10 0.3 1
10 0.3 1
10 0.3 0.9875
10 0.3 1
10 0.3 1
10 0.3 0.9875
10 0.3 0.9875
10 0.3 1
10 0.3 1
10 0.3 1
10 0.3 1
10 0.3 0.975
10 0.3 1
10 0.3 1
10 0.3 1
10 0.3 0.975
10 0.3 1
10 0.3 1
10 0.3 0.975
10 0.3 0.9875
10 0.3 0.9625
10 0.3 0.9875
10 0.3 1
10 0.3 0.9875
10 0.3 1
10 0.3 1
10 0.3 0.9875
10 0.3 1
10 0.3 1
10 0.3 1
10 0.3 1
10 0.3 1
10 0.3 1
10 0.3 1
10 0.3 0.975
10 0.3 1
10 0.3 0.9875
10 0.3 0.9875
10 0.3 0.975
10 0.3 0.9875
10 0.3 1
10 0.3 1
10 0.3 1
10 0.3 1
10 0.3 1
10 0.3 1
10 0.3 1
10 0.3 1
10 0.3 0.975
10 0.3 0.9875
10 0.3 0.9875
10 0.3 1
10 0.3 0.975
10 0.3 1
10 0.3 1
10 0.3 0.975
10 0.3 1
10 0.3 0.9875
10 0.3 0.9875
10 0.3 1
10 0.3 1
10 0.3 1
10 0.3 1
10 0.3 1
10 0.3 0.9875
10 0.3 1
10 0.3 1
10 0.3 1
10 0.3 1
10 0.3 1
10 0.3 1
10 0.3 1
10 0.3 1
10 0.3 1
10 0.3 1
10 0.3 1
10 0.3 1
10 0.3 1
10 0.3 1
10 0.3 1
10 0.3 0.9875
10 0.3 1
10 0.3 1
10 0.3 1
10 0.3 0.9875
10 0.3 0.9875
10 0.3 1
10 0.3 1
10 0.3 1
10 0.3 1
10 0.3 1
10 0.3 1
10 0.3 1
10 0.3 1
10 0.3 1
10 0.3 0.9875
10 0.3 0.975
10 0.3 1
10 0.3 0.975
10 0.3 0.9875
10 0.3 1
12 0.3 0.975
12 0.3 0.9875
12 0.3 0.95
12 0.3 0.9875
12 0.3 0.9875
12 0.3 0.95
12 0.3 0.9875
12 0.3 0.975
12 0.3 0.9625
12 0.3 0.975
12 0.3 0.925
12 0.3 0.9625
12 0.3 1
12 0.3 0.9625
12 0.3 1
12 0.3 0.95
12 0.3 0.9625
12 0.3 0.95
12 0.3 0.95
12 0.3 0.9875
12 0.3 0.9875
12 0.3 0.9625
12 0.3 1
12 0.3 0.95
12 0.3 0.9875
12 0.3 1
12 0.3 0.9875
12 0.3 0.9625
12 0.3 0.975
12 0.3 0.975
12 0.3 0.9625
12 0.3 0.9375
12 0.3 0.925
12 0.3 0.9625
12 0.3 0.9625
12 0.3 0.9625
12 0.3 0.9875
12 0.3 0.9875
12 0.3 0.9625
12 0.3 1
12 0.3 0.975
12 0.3 0.9875
12 0.3 0.9875
12 0.3 1
12 0.3 0.9875
12 0.3 0.975
12 0.3 0.975
12 0.3 0.95
12 0.3 0.95
12 0.3 0.95
12 0.3 0.9625
12 0.3 0.9625
12 0.3 0.975
12 0.3 0.9375
12 0.3 0.975
12 0.3 0.975
12 0.3 1
12 0.3 1
12 0.3 1
12 0.3 1
12 0.3 1
12 0.3 1
12 0.3 1
12 0.3 0.9875
12 0.3 0.9875
12 0.3 0.975
12 0.3 0.9875
12 0.3 0.9375
12 0.3 0.9625
12 0.3 0.975
12 0.3 0.975
12 0.3 0.975
12 0.3 0.975
12 0.3 0.9875
12 0.3 0.9875
12 0.3 0.9125
12 0.3 0.95
12 0.3 0.975
12 0.3 0.9125
12 0.3 0.9375
12 0.3 0.95
12 0.3 1
12 0.3 0.9875
12 0.3 0.9875
12 0.3 0.9875
12 0.3 0.95
12 0.3 0.9875
12 0.3 0.9875
12 0.3 0.9875
12 0.3 0.9625
12 0.3 0.95
12 0.3 0.9875
12 0.3 0.9625
12 0.3 0.9625
12 0.3 0.9625
12 0.3 0.9875
12 0.3 0.9625
12 0.3 0.9625
12 0.3 0.9625
12 0.3 0.9875
12 0.3 0.95
12 0.3 0.9875
12 0.3 0.975
12 0.3 0.95
12 0.3 0.9125
12 0.3 0.95
12 0.3 0.9875
12 0.3 0.925
12 0.3 0.95
12 0.3 0.975
12 0.3 0.9625
12 0.3 0.9625
12 0.3 0.925
12 0.3 0.9875
12 0.3 0.9625
12 0.3 0.9875
12 0.3 0.8875
12 0.3 0.925
12 0.3 0.975
12 0.3 0.9625
12 0.3 0.9625
12 0.3 0.95
12 0.3 0.9875
12 0.3 0.975
12 0.3 0.9875
12 0.3 1
12 0.3 1
12 0.3 0.9875
12 0.3 0.975
12 0.3 0.9625
12 0.3 0.9875
12 0.3 1
12 0.3 1
12 0.3 0.975
12 0.3 0.975
12 0.3 0.95
12 0.3 0.9875
12 0.3 0.9875
12 0.3 0.9625
12 0.3 0.9875
12 0.3 1
12 0.3 0.9875
12 0.3 0.975
12 0.3 0.975
12 0.3 0.9875
12 0.3 0.9625
12 0.3 0.95
12 0.3 0.9875
12 0.3 0.975
12 0.3 0.9125
12 0.3 0.9625
12 0.3 0.9375
12 0.3 0.9625
12 0.3 0.975
12 0.3 0.95
12 0.3 0.9625
12 0.3 0.975
12 0.3 0.975
12 0.3 0.9875
12 0.3 0.9875
12 0.3 0.9875
12 0.3 0.9625
12 0.3 1
12 0.3 0.975
12 0.3 0.975
12 0.3 0.975
12 0.3 0.9875
12 0.3 1
12 0.3 0.975
12 0.3 1
12 0.3 0.975
12 0.3 0.9625
12 0.3 0.975
12 0.3 0.9625
12 0.3 0.95
12 0.3 0.975
12 0.3 0.9875
12 0.3 0.9875
12 0.3 0.9375
12 0.3 0.9875
12 0.3 0.9375
12 0.3 0.9875
12 0.3 0.9625
12 0.3 0.95
12 0.3 0.9625
12 0.3 0.95
12 0.3 0.9375
12 0.3 0.975
12 0.3 0.975
12 0.3 0.9875
12 0.3 1
12 0.3 0.9875
12 0.3 0.9625
12 0.3 1
12 0.3 0.975
12 0.3 0.9625
12 0.3 0.9875
12 0.3 0.9625
12 0.3 1
12 0.3 0.9625
12 0.3 0.9875
12 0.3 0.9625
12 0.3 1
12 0.3 0.9625
12 0.3 1
12 0.3 0.9875
12 0.3 1
12 0.3 0.9875
12 0.3 0.9875
12 0.3 0.925
12 0.3 0.9625
12 0.3 0.975
12 0.3 0.975
12 0.3 0.9375
12 0.3 1
12 0.3 0.9625
12 0.3 0.975
12 0.3 0.9375
12 0.3 0.9875
12 0.3 0.9625
12 0.3 0.975
12 0.3 0.95
12 0.3 0.8875
12 0.3 0.9
12 0.3 0.975
12 0.3 0.9125
12 0.3 0.9875
12 0.3 0.9375
12 0.3 0.9375
12 0.3 0.975
12 0.3 0.9625
12 0.3 0.925
12 0.3 0.9375
12 0.3 0.9625
12 0.3 0.95
12 0.3 0.9625
12 0.3 0.9625
12 0.3 0.9625
12 0.3 0.9625
12 0.3 0.875
14 0.3 0.975
14 0.3 0.975
14 0.3 0.875
14 0.3 0.9375
14 0.3 0.9
14 0.3 0.9375
14 0.3 0.9125
14 0.3 0.95
14 0.3 0.9375
14 0.3 0.9625
14 0.3 0.8625
14 0.3 0.9625
14 0.3 0.8625
14 0.3 0.9375
14 0.3 0.85
14 0.3 0.925
14 0.3 0.925
14 0.3 0.95
14 0.3 0.925
14 0.3 0.8625
14 0.3 0.925
14 0.3 0.9125
14 0.3 0.9125
14 0.3 0.925
14 0.3 0.9375
14 0.3 0.9125
14 0.3 0.9375
14 0.3 0.9125
14 0.3 0.8875
14 0.3 0.9125
14 0.3 0.9375
14 0.3 0.9125
14 0.3 0.95
14 0.3 0.925
14 0.3 0.9375
14 0.3 0.9125
14 0.3 0.9375
14 0.3 0.9375
14 0.3 0.9125
14 0.3 0.9125
14 0.3 0.8875
14 0.3 0.8875
14 0.3 0.9
14 0.3 0.95
14 0.3 0.925
14 0.3 0.8625
14 0.3 0.8625
14 0.3 0.9125
14 0.3 0.9375
14 0.3 0.875
14 0.3 0.9375
14 0.3 0.8875
14 0.3 0.9875
14 0.3 0.975
14 0.3 0.9875
14 0.3 0.8125
14 0.3 0.85
14 0.3 0.925
14 0.3 0.8625
14 0.3 0.8125
14 0.3 0.8875
14 0.3 0.9125
14 0.3 0.8875
14 0.3 0.9
14 0.3 0.9125
14 0.3 0.8875
14 0.3 0.9125
14 0.3 0.8875
14 0.3 0.9
14 0.3 0.95
14 0.3 0.8875
14 0.3 0.8625
14 0.3 0.975
14 0.3 0.85
14 0.3 0.8125
14 0.3 0.925
14 0.3 0.8375
14 0.3 0.9
14 0.3 0.9
14 0.3 0.8375
14 0.3 0.8875
14 0.3 0.875
14 0.3 0.85
14 0.3 0.95
14 0.3 0.8875
14 0.3 0.9125
14 0.3 0.925
14 0.3 0.8875
14 0.3 0.9125
14 0.3 0.925
14 0.3 0.925
14 0.3 0.875
14 0.3 0.9125
14 0.3 0.9625
14 0.3 0.9125
14 0.3 0.925
14 0.3 0.9
14 0.3 0.9
14 0.3 0.8875
14 0.3 0.9375
14 0.3 0.875
14 0.3 0.95
14 0.3 0.9
14 0.3 0.9375
14 0.3 0.9
14 0.3 0.95
14 0.3 0.9875
14 0.3 0.95
14 0.3 0.925
14 0.3 0.9625
14 0.3 0.9125
14 0.3 0.9625
14 0.3 0.9375
14 0.3 0.875
14 0.3 0.875
14 0.3 0.925
14 0.3 0.95
14 0.3 0.925
14 0.3 0.8875
14 0.3 0.85
14 0.3 0.8875
14 0.3 0.9375
14 0.3 0.85
14 0.3 0.8
14 0.3 0.825
14 0.3 0.875
14 0.3 0.9
14 0.3 0.775
14 0.3 0.8625
14 0.3 0.95
14 0.3 0.9375
14 0.3 0.975
14 0.3 0.8875
14 0.3 0.95
14 0.3 0.925
14 0.3 0.9625
14 0.3 0.9
14 0.3 0.95
14 0.3 0.9375
14 0.3 0.95
14 0.3 0.9875
14 0.3 0.9125
14 0.3 0.875
14 0.3 0.9
14 0.3 0.875
14 0.3 0.9625
14 0.3 0.875
14 0.3 0.925
14 0.3 0.8625
14 0.3 0.85
14 0.3 0.9125
14 0.3 0.95
14 0.3 0.875
14 0.3 0.9
14 0.3 0.9125
14 0.3 0.8625
14 0.3 0.875
14 0.3 0.95
14 0.3 0.775
14 0.3 0.95
14 0.3 0.925
14 0.3 0.9625
14 0.3 0.85
14 0.3 0.9
14 0.3 0.95
14 0.3 0.925
14 0.3 0.95
14 0.3 0.9625
14 0.3 0.9625
14 0.3 0.925
14 0.3 0.9
14 0.3 0.9
14 0.3 0.925
14 0.3 0.9375
14 0.3 0.8875
14 0.3 0.9125
14 0.3 0.8375
14 0.3 0.9
14 0.3 0.9125
14 0.3 0.875
14 0.3 0.9125
14 0.3 0.925
14 0.3 0.9
14 0.3 0.9375
14 0.3 0.8875
14 0.3 0.85
14 0.3 0.8875
14 0.3 0.925
14 0.3 0.925
14 0.3 0.9
14 0.3 0.9125
14 0.3 0.875
14 0.3 0.875
14 0.3 0.9375
14 0.3 0.9375
14 0.3 0.8875
14 0.3 0.85
14 0.3 0.825
14 0.3 0.8875
14 0.3 0.8625
14 0.3 0.8625
14 0.3 0.8875
14 0.3 0.8125
14 0.3 0.9125
14 0.3 0.9125
14 0.3 0.8625
14 0.3 0.8875
14 0.3 0.9375
14 0.3 0.9
14 0.3 0.85
14 0.3 0.925
14 0.3 0.875
14 0.3 0.9
14 0.3 0.9125
14 0.3 0.85
14 0.3 0.8875
14 0.3 0.9375
14 0.3 0.95
14 0.3 0.9
14 0.3 0.9375
14 0.3 0.9375
14 0.3 0.9
14 0.3 0.9625
14 0.3 0.825
14 0.3 0.9
14 0.3 0.8875
14 0.3 0.925
14 0.3 0.85
14 0.3 0.9375
14 0.3 0.9125
14 0.3 0.8875
14 0.3 0.875
14 0.3 0.925
14 0.3 0.9
14 0.3 0.8875
14 0.3 0.8875
14 0.3 0.8875
14 0.3 0.8625
14 0.3 0.7875
14 0.3 0.9
16 0.3 0.9
16 0.3 0.875
16 0.3 0.8875
16 0.3 0.7625
16 0.3 0.875
16 0.3 0.8
16 0.3 0.875
16 0.3 0.775
16 0.3 0.825
16 0.3 0.8125
16 0.3 0.8625
16 0.3 0.85
16 0.3 0.8375
16 0.3 0.8875
16 0.3 0.9
16 0.3 0.8125
16 0.3 0.8875
16 0.3 0.7875
16 0.3 0.85
16 0.3 0.8375
16 0.3 0.8
16 0.3 0.75
16 0.3 0.775
16 0.3 0.7625
16 0.3 0.8625
16 0.3 0.8375
16 0.3 0.8
16 0.3 0.8125
16 0.3 0.75
16 0.3 0.7875
16 0.3 0.9125
16 0.3 0.8875
16 0.3 0.8625
16 0.3 0.9
16 0.3 0.9125
16 0.3 0.7625
16 0.3 0.7625
16 0.3 0.825
16 0.3 0.8625
16 0.3 0.8125
16 0.3 0.775
16 0.3 0.8625
16 0.3 0.7625
16 0.3 0.775
16 0.3 0.7875
16 0.3 0.75
16 0.3 0.8125
16 0.3 0.8875
16 0.3 0.825
16 0.3 0.9
16 0.3 0.7875
16 0.3 0.7625
16 0.3 0.8875
16 0.3 0.8
16 0.3 0.85
16 0.3 0.875
16 0.3 0.8625
16 0.3 0.8625
16 0.3 0.725
16 0.3 0.8875
16 0.3 0.675
16 0.3 0.8625
16 0.3 0.825
16 0.3 0.8
16 0.3 0.8
16 0.3 0.85
16 0.3 0.8375
16 0.3 0.775
16 0.3 0.85
16 0.3 0.8625
16 0.3 0.75
16 0.3 0.85
16 0.3 0.8
16 0.3 0.8375
16 0.3 0.7125
16 0.3 0.775
16 0.3 0.8625
16 0.3 0.8375
16 0.3 0.8625
16 0.3 0.875
16 0.3 0.8625
16 0.3 0.7875
16 0.3 0.825
16 0.3 0.775
16 0.3 0.75
16 0.3 0.7125
16 0.3 0.8
16 0.3 0.7375
16 0.3 0.7375
16 0.3 0.8
16 0.3 0.75
16 0.3 0.675
16 0.3 0.8875
16 0.3 0.8
16 0.3 0.775
16 0.3 0.8
16 0.3 0.775
16 0.3 0.7125
16 0.3 0.85
16 0.3 0.7875
16 0.3 0.825
16 0.3 0.8
16 0.3 0.9125
16 0.3 0.9125
16 0.3 0.7875
16 0.3 0.7875
16 0.3 0.875
16 0.3 0.875
16 0.3 0.75
16 0.3 0.7875
16 0.3 0.8
16 0.3 0.8375
16 0.3 0.875
16 0.3 0.8125
16 0.3 0.8
16 0.3 0.825
16 0.3 0.8
16 0.3 0.8375
16 0.3 0.8
16 0.3 0.8
16 0.3 0.7
16 0.3 0.75
16 0.3 0.8875
16 0.3 0.875
16 0.3 0.7625
16 0.3 0.775
16 0.3 0.8
16 0.3 0.675
16 0.3 0.825
16 0.3 0.825
16 0.3 0.725
16 0.3 0.6875
16 0.3 0.7625
16 0.3 0.7875
16 0.3 0.825
16 0.3 0.7375
16 0.3 0.8
16 0.3 0.8375
16 0.3 0.775
16 0.3 0.7625
16 0.3 0.8125
16 0.3 0.8375
16 0.3 0.7875
16 0.3 0.825
16 0.3 0.9375
16 0.3 0.8375
16 0.3 0.825
16 0.3 0.8625
16 0.3 0.775
16 0.3 0.825
16 0.3 0.775
16 0.3 0.7625
16 0.3 0.775
16 0.3 0.8
16 0.3 0.8375
16 0.3 0.8125
16 0.3 0.7375
16 0.3 0.825
16 0.3 0.9125
16 0.3 0.825
16 0.3 0.8375
16 0.3 0.8
16 0.3 0.8625
16 0.3 0.7875
16 0.3 0.825
16 0.3 0.7875
16 0.3 0.7875
16 0.3 0.7875
16 0.3 0.825
16 0.3 0.6875
16 0.3 0.85
16 0.3 0.8125
16 0.3 0.625
16 0.3 0.775
16 0.3 0.8
16 0.3 0.85
16 0.3 0.6875
16 0.3 0.7875
16 0.3 0.75
16 0.3 0.8
16 0.3 0.7375
16 0.3 0.8
16 0.3 0.7875
16 0.3 0.8
16 0.3 0.8125
16 0.3 0.7875
16 0.3 0.7375
16 0.3 0.7875
16 0.3 0.7875
16 0.3 0.775
16 0.3 0.8375
16 0.3 0.825
16 0.3 0.825
16 0.3 0.6625
16 0.3 0.875
16 0.3 0.7375
16 0.3 0.7875
16 0.3 0.85
16 0.3 0.7625
16 0.3 0.6625
16 0.3 0.8625
16 0.3 0.8875
16 0.3 0.825
16 0.3 0.7875
16 0.3 0.7125
16 0.3 0.825
16 0.3 0.875
16 0.3 0.7875
16 0.3 0.725
16 0.3 0.75
16 0.3 0.8625
16 0.3 0.725
16 0.3 0.7375
16 0.3 0.825
16 0.3 0.8
16 0.3 0.725
16 0.3 0.7875
16 0.3 0.7
16 0.3 0.75
16 0.3 0.7625
16 0.3 0.7625
16 0.3 0.8125
16 0.3 0.65
16 0.3 0.725
16 0.3 0.7875
16 0.3 0.6125
16 0.3 0.75
16 0.3 0.7625
16 0.3 0.875
16 0.3 0.725
16 0.3 0.75
16 0.3 0.8125
16 0.3 0.8
16 0.3 0.775
16 0.3 0.75
16 0.3 0.75
16 0.3 0.7125
16 0.3 0.6125
16 0.3 0.6625
16 0.3 0.7375
18 0.3 0.7625
18 0.3 0.65
18 0.3 0.7125
18 0.3 0.775
18 0.3 0.7
18 0.3 0.6625
18 0.3 0.7
18 0.3 0.7625
18 0.3 0.7375
18 0.3 0.875
18 0.3 0.7125
18 0.3 0.6375
18 0.3 0.675
18 0.3 0.7625
18 0.3 0.725
18 0.3 0.7125
18 0.3 0.6625
18 0.3 0.625
18 0.3 0.6375
18 0.3 0.7
18 0.3 0.5
18 0.3 0.825
18 0.3 0.575
18 0.3 0.625
18 0.3 0.65
18 0.3 0.625
18 0.3 0.775
18 0.3 0.6875
18 0.3 0.6
18 0.3 0.5375
18 0.3 0.6375
18 0.3 0.65
18 0.3 0.65
18 0.3 0.6625
18 0.3 0.75
18 0.3 0.5625
18 0.3 0.75
18 0.3 0.6625
18 0.3 0.6875
18 0.3 0.65
18 0.3 0.65
18 0.3 0.6375
18 0.3 0.6125
18 0.3 0.5875
18 0.3 0.725
18 0.3 0.625
18 0.3 0.725
18 0.3 0.65
18 0.3 0.725
18 0.3 0.55
18 0.3 0.7625
18 0.3 0.7875
18 0.3 0.75
18 0.3 0.6
18 0.3 0.6625
18 0.3 0.675
18 0.3 0.6625
18 0.3 0.7625
18 0.3 0.525
18 0.3 0.6125
18 0.3 0.75
18 0.3 0.5625
18 0.3 0.6375
18 0.3 0.775
18 0.3 0.7375
18 0.3 0.65
18 0.3 0.675
18 0.3 0.775
18 0.3 0.7125
18 0.3 0.7125
18 0.3 0.7375
18 0.3 0.725
18 0.3 0.5625
18 0.3 0.7125
18 0.3 0.6625
18 0.3 0.7
18 0.3 0.6
18 0.3 0.5875
18 0.3 0.725
18 0.3 0.6625
18 0.3 0.725
18 0.3 0.725
18 0.3 0.725
18 0.3 0.7875
18 0.3 0.825
18 0.3 0.6875
18 0.3 0.6375
18 0.3 0.525
18 0.3 0.7
18 0.3 0.575
18 0.3 0.675
18 0.3 0.6
18 0.3 0.7
18 0.3 0.5875
18 0.3 0.8
18 0.3 0.6375
18 0.3 0.5875
18 0.3 0.65
18 0.3 0.625
18 0.3 0.625
18 0.3 0.6125
18 0.3 0.7
18 0.3 0.6125
18 0.3 0.625
18 0.3 0.6
18 0.3 0.6375
18 0.3 0.65
18 0.3 0.525
18 0.3 0.725
18 0.3 0.575
18 0.3 0.75
18 0.3 0.6375
18 0.3 0.6375
18 0.3 0.6625
18 0.3 0.575
18 0.3 0.725
18 0.3 0.625
18 0.3 0.55
18 0.3 0.6375
18 0.3 0.65
18 0.3 0.5625
18 0.3 0.6125
18 0.3 0.6125
18 0.3 0.6875
18 0.3 0.7625
18 0.3 0.8375
18 0.3 0.725
18 0.3 0.6875
18 0.3 0.6375
18 0.3 0.85
18 0.3 0.575
18 0.3 0.675
18 0.3 0.725
18 0.3 0.65
18 0.3 0.6625
18 0.3 0.7
18 0.3 0.6375
18 0.3 0.6125
18 0.3 0.6375
18 0.3 0.7
18 0.3 0.5625
18 0.3 0.7125
18 0.3 0.575
18 0.3 0.55
18 0.3 0.625
18 0.3 0.55
18 0.3 0.65
18 0.3 0.65
18 0.3 0.7
18 0.3 0.725
18 0.3 0.675
18 0.3 0.7125
18 0.3 0.6
18 0.3 0.7
18 0.3 0.7625
18 0.3 0.55
18 0.3 0.5375
18 0.3 0.625
18 0.3 0.6375
18 0.3 0.625
18 0.3 0.675
18 0.3 0.625
18 0.3 0.6125
18 0.3 0.525
18 0.3 0.65
18 0.3 0.7
18 0.3 0.6625
18 0.3 0.5625
18 0.3 0.65
18 0.3 0.7
18 0.3 0.6125
18 0.3 0.6
18 0.3 0.7625
18 0.3 0.7
18 0.3 0.6375
18 0.3 0.65
18 0.3 0.7875
18 0.3 0.675
18 0.3 0.625
18 0.3 0.7
18 0.3 0.725
18 0.3 0.65
18 0.3 0.7
18 0.3 0.7875
18 0.3 0.6375
18 0.3 0.675
18 0.3 0.6375
18 0.3 0.775
18 0.3 0.6625
18 0.3 0.575
18 0.3 0.675
18 0.3 0.5
18 0.3 0.625
18 0.3 0.6375
18 0.3 0.75
18 0.3 0.6875
18 0.3 0.6375
18 0.3 0.6
18 0.3 0.7
18 0.3 0.5875
18 0.3 0.575
18 0.3 0.65
18 0.3 0.625
18 0.3 0.65
18 0.3 0.525
18 0.3 0.7375
18 0.3 0.5625
18 0.3 0.6375
18 0.3 0.675
18 0.3 0.675
18 0.3 0.5375
18 0.3 0.6
18 0.3 0.5625
18 0.3 0.625
18 0.3 0.6625
18 0.3 0.6
18 0.3 0.5375
18 0.3 0.4875
18 0.3 0.6125
18 0.3 0.6875
18 0.3 0.7
18 0.3 0.6
18 0.3 0.625
18 0.3 0.775
18 0.3 0.6125
18 0.3 0.5125
18 0.3 0.625
18 0.3 0.7125
18 0.3 0.625
18 0.3 0.6625
18 0.3 0.575
18 0.3 0.65
18 0.3 0.6
18 0.3 0.6
18 0.3 0.6375
18 0.3 0.6125
18 0.3 0.65
18 0.3 0.55
18 0.3 0.6
18 0.3 0.4625
20 0.3 0.625
20 0.3 0.4875
20 0.3 0.5375
20 0.3 0.5875
20 0.3 0.45
20 0.3 0.55
20 0.3 0.575
20 0.3 0.6375
20 0.3 0.575
20 0.3 0.6125
20 0.3 0.475
20 0.3 0.55
20 0.3 0.575
20 0.3 0.625
20 0.3 0.575
20 0.3 0.6125
20 0.3 0.5875
20 0.3 0.525
20 0.3 0.5125
20 0.3 0.4125
20 0.3 0.5875
20 0.3 0.4625
20 0.3 0.475
20 0.3 0.575
20 0.3 0.5375
20 0.3 0.4875
20 0.3 0.425
20 0.3 0.4875
20 0.3 0.45
20 0.3 0.5
20 0.3 0.475
20 0.3 0.45
20 0.3 0.5125
20 0.3 0.625
20 0.3 0.575
20 0.3 0.5
20 0.3 0.5125
20 0.3 0.5125
20 0.3 0.4125
20 0.3 0.425
20 0.3 0.6125
20 0.3 0.5875
20 0.3 0.525
20 0.3 0.5125
20 0.3 0.6125
20 0.3 0.5375
20 0.3 0.5
20 0.3 0.5625
20 0.3 0.5625
20 0.3 0.4375
20 0.3 0.525
20 0.3 0.6875
20 0.3 0.4
20 0.3 0.525
20 0.3 0.625
20 0.3 0.4875
20 0.3 0.4875
20 0.3 0.6
20 0.3 0.5875
20 0.3 0.5
20 0.3 0.55
20 0.3 0.4375
20 0.3 0.4375
20 0.3 0.5375
20 0.3 0.5
20 0.3 0.425
20 0.3 0.6375
20 0.3 0.4875
20 0.3 0.4875
20 0.3 0.5
20 0.3 0.725
20 0.3 0.375
20 0.3 0.5125
20 0.3 0.525
20 0.3 0.5
20 0.3 0.6375
20 0.3 0.5875
20 0.3 0.475
20 0.3 0.5375
20 0.3 0.5125
20 0.3 0.575
20 0.3 0.5625
20 0.3 0.65
20 0.3 0.525
20 0.3 0.5625
20 0.3 0.575
20 0.3 0.55
20 0.3 0.3875
20 0.3 0.6
20 0.3 0.425
20 0.3 0.4875
20 0.3 0.5
20 0.3 0.7125
20 0.3 0.5625
20 0.3 0.4625
20 0.3 0.575
20 0.3 0.5625
20 0.3 0.4125
20 0.3 0.5125
20 0.3 0.55
20 0.3 0.5125
20 0.3 0.475
20 0.3 0.4625
20 0.3 0.4125
20 0.3 0.5625
20 0.3 0.475
20 0.3 0.425
20 0.3 0.5875
20 0.3 0.55
20 0.3 0.45
20 0.3 0.5375
20 0.3 0.5875
20 0.3 0.475
20 0.3 0.625
20 0.3 0.5125
20 0.3 0.5375
20 0.3 0.4625
20 0.3 0.575
20 0.3 0.3875
20 0.3 0.5375
20 0.3 0.5125
20 0.3 0.6125
20 0.3 0.5
20 0.3 0.575
20 0.3 0.55
20 0.3 0.5375
20 0.3 0.4875
20 0.3 0.5625
20 0.3 0.6125
20 0.3 0.5125
20 0.3 0.375
20 0.3 0.65
20 0.3 0.4375
20 0.3 0.5875
20 0.3 0.4375
20 0.3 0.5625
20 0.3 0.5125
20 0.3 0.4125
20 0.3 0.375
20 0.3 0.4125
20 0.3 0.575
20 0.3 0.5875
20 0.3 0.625
20 0.3 0.55
20 0.3 0.45
20 0.3 0.55
20 0.3 0.6
20 0.3 0.5375
20 0.3 0.5875
20 0.3 0.5625
20 0.3 0.5125
20 0.3 0.5125
20 0.3 0.5375
20 0.3 0.5625
20 0.3 0.5
20 0.3 0.4875
20 0.3 0.45
20 0.3 0.3875
20 0.3 0.6125
20 0.3 0.55
20 0.3 0.45
20 0.3 0.45
20 0.3 0.5875
20 0.3 0.475
20 0.3 0.5125
20 0.3 0.475
20 0.3 0.525
20 0.3 0.575
20 0.3 0.45
20 0.3 0.475
20 0.3 0.3875
20 0.3 0.5125
20 0.3 0.4125
20 0.3 0.3375
20 0.3 0.55
20 0.3 0.45
20 0.3 0.525
20 0.3 0.5
20 0.3 0.5
20 0.3 0.575
20 0.3 0.425
20 0.3 0.55
20 0.3 0.5375
20 0.3 0.625
20 0.3 0.55
20 0.3 0.475
20 0.3 0.4875
20 0.3 0.6
20 0.3 0.5125
20 0.3 0.6
20 0.3 0.475
20 0.3 0.4375
20 0.3 0.5375
20 0.3 0.65
20 0.3 0.55
20 0.3 0.5375
20 0.3 0.425
20 0.3 0.4625
20 0.3 0.5
20 0.3 0.4375
20 0.3 0.475
20 0.3 0.4875
20 0.3 0.6
20 0.3 0.6
20 0.3 0.525
20 0.3 0.6
20 0.3 0.425
20 0.3 0.45
20 0.3 0.5
20 0.3 0.525
20 0.3 0.4875
20 0.3 0.4875
20 0.3 0.4625
20 0.3 0.55
20 0.3 0.525
20 0.3 0.6
20 0.3 0.5375
20 0.3 0.475
20 0.3 0.4
20 0.3 0.5125
20 0.3 0.6375
20 0.3 0.5125
20 0.3 0.4625
20 0.3 0.5625
20 0.3 0.6125
20 0.3 0.4625
20 0.3 0.5375
20 0.3 0.55
20 0.3 0.55
20 0.3 0.4875
20 0.3 0.525
20 0.3 0.5875
20 0.3 0.6375
20 0.3 0.475
20 0.3 0.375
20 0.3 0.45
20 0.3 0.4125
20 0.3 0.6625
20 0.3 0.475
20 0.3 0.5
24 0.3 0.3125
24 0.3 0.325
24 0.3 0.35
24 0.3 0.3875
24 0.3 0.2875
24 0.3 0.4
24 0.3 0.2375
24 0.3 0.2
24 0.3 0.2375
24 0.3 0.35
24 0.3 0.3625
24 0.3 0.2625
24 0.3 0.3875
24 0.3 0.3375
24 0.3 0.2875
24 0.3 0.3125
24 0.3 0.3625
24 0.3 0.275
24 0.3 0.25
24 0.3 0.2375
24 0.3 0.3125
24 0.3 0.375
24 0.3 0.3375
24 0.3 0.35
24 0.3 0.3625
24 0.3 0.3375
24 0.3 0.325
24 0.3 0.3125
24 0.3 0.2625
24 0.3 0.3625
24 0.3 0.3625
24 0.3 0.425
24 0.3 0.3
24 0.3 0.325
24 0.3 0.225
24 0.3 0.35
24 0.3 0.2625
24 0.3 0.275
24 0.3 0.3875
24 0.3 0.2625
24 0.3 0.3625
24 0.3 0.275
24 0.3 0.3
24 0.3 0.325
24 0.3 0.2375
24 0.3 0.275
24 0.3 0.275
24 0.3 0.375
24 0.3 0.2625
24 0.3 0.375
24 0.3 0.2875
24 0.3 0.3375
24 0.3 0.2375
24 0.3 0.2375
24 0.3 0.2875
24 0.3 0.3875
24 0.3 0.3875
24 0.3 0.3125
24 0.3 0.2375
24 0.3 0.35
24 0.3 0.375
24 0.3 0.3875
24 0.3 0.2875
24 0.3 0.225
24 0.3 0.2875
24 0.3 0.3
24 0.3 0.2375
24 0.3 0.3625
24 0.3 0.3125
24 0.3 0.35
24 0.3 0.325
24 0.3 0.325
24 0.3 0.275
24 0.3 0.2125
24 0.3 0.2875
24 0.3 0.275
24 0.3 0.2375
24 0.3 0.225
24 0.3 0.2875
24 0.3 0.2875
24 0.3 0.4125
24 0.3 0.3875
24 0.3 0.3375
24 0.3 0.3125
24 0.3 0.3375
24 0.3 0.35
24 0.3 0.2375
24 0.3 0.325
24 0.3 0.325
24 0.3 0.3625
24 0.3 0.3125
24 0.3 0.4125
24 0.3 0.35
24 0.3 0.175
24 0.3 0.3
24 0.3 0.325
24 0.3 0.2875
24 0.3 0.325
24 0.3 0.225
24 0.3 0.35
24 0.3 0.3625
24 0.3 0.2375
24 0.3 0.275
24 0.3 0.425
24 0.3 0.25
24 0.3 0.3375
24 0.3 0.3875
24 0.3 0.275
24 0.3 0.2625
24 0.3 0.2375
24 0.3 0.25
24 0.3 0.275
24 0.3 0.35
24 0.3 0.2375
24 0.3 0.35
24 0.3 0.35
24 0.3 0.25
24 0.3 0.3625
24 0.3 0.3125
24 0.3 0.2625
24 0.3 0.3625
24 0.3 0.4
24 0.3 0.2625
24 0.3 0.225
24 0.3 0.275
24 0.3 0.2
24 0.3 0.3
24 0.3 0.3375
24 0.3 0.2625
24 0.3 0.275
24 0.3 0.325
24 0.3 0.3875
24 0.3 0.3125
24 0.3 0.225
24 0.3 0.2375
24 0.3 0.3875
24 0.3 0.25
24 0.3 0.3875
24 0.3 0.3
24 0.3 0.25
24 0.3 0.2375
24 0.3 0.25
24 0.3 0.325
24 0.3 0.35
24 0.3 0.3625
24 0.3 0.325
24 0.3 0.325
24 0.3 0.375
24 0.3 0.3125
24 0.3 0.3
24 0.3 0.35
24 0.3 0.375
24 0.3 0.35
24 0.3 0.3375
24 0.3 0.3
24 0.3 0.3
24 0.3 0.3875
24 0.3 0.35
24 0.3 0.3625
24 0.3 0.3375
24 0.3 0.2625
24 0.3 0.325
24 0.3 0.375
24 0.3 0.4125
24 0.3 0.325
24 0.3 0.3375
24 0.3 0.325
24 0.3 0.25
24 0.3 0.2625
24 0.3 0.275
24 0.3 0.35
24 0.3 0.325
24 0.3 0.3375
24 0.3 0.2875
24 0.3 0.3375
24 0.3 0.45
24 0.3 0.3
24 0.3 0.35
24 0.3 0.25
24 0.3 0.45
24 0.3 0.4
24 0.3 0.35
24 0.3 0.3375
24 0.3 0.3125
24 0.3 0.2875
24 0.3 0.3125
24 0.3 0.35
24 0.3 0.3875
24 0.3 0.3875
24 0.3 0.35
24 0.3 0.2625
24 0.3 0.3875
24 0.3 0.2375
24 0.3 0.2875
24 0.3 0.275
24 0.3 0.35
24 0.3 0.3
24 0.3 0.3375
24 0.3 0.25
24 0.3 0.2625
24 0.3 0.2625
24 0.3 0.4125
24 0.3 0.25
24 0.3 0.325
24 0.3 0.2375
24 0.3 0.3125
24 0.3 0.3125
24 0.3 0.275
24 0.3 0.2875
24 0.3 0.275
24 0.3 0.2375
24 0.3 0.4
24 0.3 0.275
24 0.3 0.3625
24 0.3 0.3375
24 0.3 0.3375
24 0.3 0.375
24 0.3 0.3375
24 0.3 0.3125
24 0.3 0.3375
24 0.3 0.325
24 0.3 0.2375
24 0.3 0.3125
24 0.3 0.3
24 0.3 0.275
24 0.3 0.275
24 0.3 0.3625
24 0.3 0.3125
24 0.3 0.2875
24 0.3 0.3125
24 0.3 0.3625
24 0.3 0.35
24 0.3 0.3875
24 0.3 0.3125
24 0.3 0.2875
24 0.3 0.2875
24 0.3 0.325
24 0.3 0.325
24 0.3 0.3875
24 0.3 0.3
28 0.3 0.1875
28 0.3 0.175
28 0.3 0.2125
28 0.3 0.175
28 0.3 0.2
28 0.3 0.2375
28 0.3 0.225
28 0.3 0.2
28 0.3 0.2125
28 0.3 0.2125
28 0.3 0.225
28 0.3 0.2375
28 0.3 0.2375
28 0.3 0.2
28 0.3 0.2875
28 0.3 0.2625
28 0.3 0.2
28 0.3 0.225
28 0.3 0.2375
28 0.3 0.2375
28 0.3 0.2375
28 0.3 0.225
28 0.3 0.2125
28 0.3 0.25
28 0.3 0.1625
28 0.3 0.225
28 0.3 0.2625
28 0.3 0.2
28 0.3 0.225
28 0.3 0.2
28 0.3 0.1875
28 0.3 0.1625
28 0.3 0.175
28 0.3 0.225
28 0.3 0.2125
28 0.3 0.2125
28 0.3 0.2375
28 0.3 0.1375
28 0.3 0.2625
28 0.3 0.2
28 0.3 0.175
28 0.3 0.1875
28 0.3 0.2125
28 0.3 0.2125
28 0.3 0.3
28 0.3 0.125
28 0.3 0.3375
28 0.3 0.1875
28 0.3 0.1875
28 0.3 0.2625
28 0.3 0.225
28 0.3 0.2125
28 0.3 0.2125
28 0.3 0.3125
28 0.3 0.225
28 0.3 0.25
28 0.3 0.1875
28 0.3 0.3125
28 0.3 0.2625
28 0.3 0.275
28 0.3 0.1625
28 0.3 0.2125
28 0.3 0.25
28 0.3 0.2125
28 0.3 0.2125
28 0.3 0.2625
28 0.3 0.225
28 0.3 0.2375
28 0.3 0.25
28 0.3 0.2125
28 0.3 0.1625
28 0.3 0.2625
28 0.3 0.225
28 0.3 0.2375
28 0.3 0.2125
28 0.3 0.225
28 0.3 0.2375
28 0.3 0.2375
28 0.3 0.2375
28 0.3 0.2125
28 0.3 0.25
28 0.3 0.175
28 0.3 0.2625
28 0.3 0.2
28 0.3 0.2875
28 0.3 0.275
28 0.3 0.2
28 0.3 0.2
28 0.3 0.225
28 0.3 0.2625
28 0.3 0.2
28 0.3 0.3125
28 0.3 0.275
28 0.3 0.275
28 0.3 0.25
28 0.3 0.225
28 0.3 0.2375
28 0.3 0.25
28 0.3 0.275
28 0.3 0.2125
28 0.3 0.2
28 0.3 0.275
28 0.3 0.2125
28 0.3 0.2375
28 0.3 0.2375
28 0.3 0.2
28 0.3 0.2375
28 0.3 0.25
28 0.3 0.3125
28 0.3 0.25
28 0.3 0.2875
28 0.3 0.2375
28 0.3 0.375
28 0.3 0.225
28 0.3 0.325
28 0.3 0.2125
28 0.3 0.25
28 0.3 0.275
28 0.3 0.2375
28 0.3 0.15
28 0.3 0.3
28 0.3 0.2875
28 0.3 0.1625
28 0.3 0.2125
28 0.3 0.2375
28 0.3 0.2875
28 0.3 0.2625
28 0.3 0.25
28 0.3 0.3875
28 0.3 0.225
28 0.3 0.3
28 0.3 0.2125
28 0.3 0.25
28 0.3 0.2375
28 0.3 0.2625
28 0.3 0.3125
28 0.3 0.2625
28 0.3 0.2375
28 0.3 0.2375
28 0.3 0.3125
28 0.3 0.2625
28 0.3 0.2625
28 0.3 0.225
28 0.3 0.2625
28 0.3 0.2
28 0.3 0.2875
28 0.3 0.275
28 0.3 0.2625
28 0.3 0.2875
28 0.3 0.3375
28 0.3 0.2625
28 0.3 0.2625
28 0.3 0.2625
28 0.3 0.2625
28 0.3 0.225
28 0.3 0.2875
28 0.3 0.3
28 0.3 0.2
28 0.3 0.225
28 0.3 0.2625
28 0.3 0.2375
28 0.3 0.275
28 0.3 0.275
28 0.3 0.2
28 0.3 0.225
28 0.3 0.225
28 0.3 0.2875
28 0.3 0.2375
28 0.3 0.325
28 0.3 0.375
28 0.3 0.325
28 0.3 0.2125
28 0.3 0.35
28 0.3 0.2625
28 0.3 0.2125
28 0.3 0.225
28 0.3 0.25
28 0.3 0.2125
28 0.3 0.2
28 0.3 0.2
28 0.3 0.225
28 0.3 0.2
28 0.3 0.275
28 0.3 0.2
28 0.3 0.2125
28 0.3 0.275
28 0.3 0.3
28 0.3 0.225
28 0.3 0.25
28 0.3 0.25
28 0.3 0.25
28 0.3 0.3
28 0.3 0.3
28 0.3 0.325
28 0.3 0.2375
28 0.3 0.3125
28 0.3 0.2375
28 0.3 0.325
28 0.3 0.2625
28 0.3 0.2625
28 0.3 0.2375
28 0.3 0.3125
28 0.3 0.25
28 0.3 0.2625
28 0.3 0.1875
28 0.3 0.2625
28 0.3 0.275
28 0.3 0.2375
28 0.3 0.275
28 0.3 0.25
28 0.3 0.225
28 0.3 0.225
28 0.3 0.2375
28 0.3 0.2125
28 0.3 0.2375
28 0.3 0.325
28 0.3 0.275
28 0.3 0.2375
28 0.3 0.275
28 0.3 0.2125
28 0.3 0.2375
28 0.3 0.2625
28 0.3 0.275
28 0.3 0.2375
28 0.3 0.2625
28 0.3 0.25
28 0.3 0.275
28 0.3 0.3125
28 0.3 0.2875
28 0.3 0.2
28 0.3 0.35
28 0.3 0.225
28 0.3 0.2875
28 0.3 0.225
28 0.3 0.3375
28 0.3 0.2625
28 0.3 0.2375
28 0.3 0.3
28 0.3 0.3125
28 0.3 0.2125
32 0.3 0.1875
32 0.3 0.1875
32 0.3 0.15
32 0.3 0.1625
32 0.3 0.225
32 0.3 0.15
32 0.3 0.175
32 0.3 0.1625
32 0.3 0.2375
32 0.3 0.2125
32 0.3 0.175
32 0.3 0.175
32 0.3 0.2125
32 0.3 0.1875
32 0.3 0.15
32 0.3 0.1875
32 0.3 0.1875
32 0.3 0.2125
32 0.3 0.2125
32 0.3 0.175
32 0.3 0.1625
32 0.3 0.2
32 0.3 0.15
32 0.3 0.2125
32 0.3 0.2
32 0.3 0.2125
32 0.3 0.1125
32 0.3 0.1875
32 0.3 0.25
32 0.3 0.2
32 0.3 0.1625
32 0.3 0.2
32 0.3 0.2
32 0.3 0.225
32 0.3 0.225
32 0.3 0.1875
32 0.3 0.2
32 0.3 0.225
32 0.3 0.2625
32 0.3 0.2125
32 0.3 0.2
32 0.3 0.2
32 0.3 0.2125
32 0.3 0.1625
32 0.3 0.2
32 0.3 0.2
32 0.3 0.2375
32 0.3 0.1625
32 0.3 0.2375
32 0.3 0.15
32 0.3 0.275
32 0.3 0.2625
32 0.3 0.2
32 0.3 0.2625
32 0.3 0.2
32 0.3 0.225
32 0.3 0.225
32 0.3 0.1875
32 0.3 0.2
32 0.3 0.225
32 0.3 0.2875
32 0.3 0.2625
32 0.3 0.225
32 0.3 0.225
32 0.3 0.2375
32 0.3 0.225
32 0.3 0.175
32 0.3 0.175
32 0.3 0.125
32 0.3 0.2125
32 0.3 0.225
32 0.3 0.175
32 0.3 0.1875
32 0.3 0.175
32 0.3 0.225
32 0.3 0.25
32 0.3 0.2125
32 0.3 0.1625
32 0.3 0.2
32 0.3 0.2375
32 0.3 0.1875
32 0.3 0.1625
32 0.3 0.1875
32 0.3 0.2
32 0.3 0.2125
32 0.3 0.1875
32 0.3 0.225
32 0.3 0.2125
32 0.3 0.175
32 0.3 0.225
32 0.3 0.2375
32 0.3 0.2
32 0.3 0.25
32 0.3 0.2
32 0.3 0.225
32 0.3 0.1875
32 0.3 0.1875
32 0.3 0.2375
32 0.3 0.1625
32 0.3 0.225
32 0.3 0.2
32 0.3 0.25
32 0.3 0.2
32 0.3 0.3
32 0.3 0.1875
32 0.3 0.15
32 0.3 0.2375
32 0.3 0.1625
32 0.3 0.1875
32 0.3 0.2
32 0.3 0.2125
32 0.3 0.1875
32 0.3 0.1875
32 0.3 0.2125
32 0.3 0.225
32 0.3 0.2375
32 0.3 0.1125
32 0.3 0.2125
32 0.3 0.225
32 0.3 0.2375
32 0.3 0.175
32 0.3 0.2
32 0.3 0.225
32 0.3 0.15
32 0.3 0.275
32 0.3 0.2
32 0.3 0.2375
32 0.3 0.2375
32 0.3 0.2375
32 0.3 0.2125
32 0.3 0.2
32 0.3 0.225
32 0.3 0.2375
32 0.3 0.2125
32 0.3 0.275
32 0.3 0.2
32 0.3 0.2125
32 0.3 0.25
32 0.3 0.175
32 0.3 0.25
32 0.3 0.2
32 0.3 0.2375
32 0.3 0.275
32 0.3 0.2
32 0.3 0.275
32 0.3 0.2625
32 0.3 0.175
32 0.3 0.2875
32 0.3 0.225
32 0.3 0.2125
32 0.3 0.175
32 0.3 0.2
32 0.3 0.2625
32 0.3 0.225
32 0.3 0.1875
32 0.3 0.2375
32 0.3 0.2125
32 0.3 0.2
32 0.3 0.25
32 0.3 0.2125
32 0.3 0.2125
32 0.3 0.1625
32 0.3 0.25
32 0.3 0.225
32 0.3 0.1875
32 0.3 0.2375
32 0.3 0.225
32 0.3 0.2375
32 0.3 0.225
32 0.3 0.25
32 0.3 0.1625
32 0.3 0.2375
32 0.3 0.2
32 0.3 0.25
32 0.3 0.2625
32 0.3 0.225
32 0.3 0.225
32 0.3 0.2625
32 0.3 0.225
32 0.3 0.2875
32 0.3 0.2625
32 0.3 0.175
32 0.3 0.175
32 0.3 0.2375
32 0.3 0.2625
32 0.3 0.25
32 0.3 0.2375
32 0.3 0.2125
32 0.3 0.225
32 0.3 0.2625
32 0.3 0.275
32 0.3 0.2125
32 0.3 0.1875
32 0.3 0.2125
32 0.3 0.3125
32 0.3 0.2625
32 0.3 0.1875
32 0.3 0.2625
32 0.3 0.2875
32 0.3 0.225
32 0.3 0.1625
32 0.3 0.2125
32 0.3 0.25
32 0.3 0.2125
32 0.3 0.2375
32 0.3 0.3125
32 0.3 0.2125
32 0.3 0.1875
32 0.3 0.25
32 0.3 0.2
32 0.3 0.2625
32 0.3 0.225
32 0.3 0.1625
32 0.3 0.2375
32 0.3 0.225
32 0.3 0.2125
32 0.3 0.2375
32 0.3 0.225
32 0.3 0.25
32 0.3 0.175
32 0.3 0.3
32 0.3 0.175
32 0.3 0.175
32 0.3 0.25
32 0.3 0.2125
32 0.3 0.1875
32 0.3 0.2375
32 0.3 0.225
32 0.3 0.175
32 0.3 0.3125
32 0.3 0.275
32 0.3 0.25
32 0.3 0.275
32 0.3 0.225
32 0.3 0.2625
32 0.3 0.2375
32 0.3 0.2875
32 0.3 0.1875
32 0.3 0.2125
32 0.3 0.225
40 0.3 0.15
40 0.3 0.175
40 0.3 0.125
40 0.3 0.15
40 0.3 0.1875
40 0.3 0.15
40 0.3 0.2
40 0.3 0.2125
40 0.3 0.1125
40 0.3 0.1625
40 0.3 0.15
40 0.3 0.1
40 0.3 0.2
40 0.3 0.2125
40 0.3 0.2
40 0.3 0.1375
40 0.3 0.175
40 0.3 0.1375
40 0.3 0.175
40 0.3 0.2125
40 0.3 0.175
40 0.3 0.1625
40 0.3 0.2125
40 0.3 0.15
40 0.3 0.15
40 0.3 0.2375
40 0.3 0.2375
40 0.3 0.1375
40 0.3 0.175
40 0.3 0.2125
40 0.3 0.2
40 0.3 0.1625
40 0.3 0.225
40 0.3 0.2
40 0.3 0.1625
40 0.3 0.1375
40 0.3 0.1375
40 0.3 0.2125
40 0.3 0.15
40 0.3 0.2375
40 0.3 0.15
40 0.3 0.225
40 0.3 0.15
40 0.3 0.2
40 0.3 0.1625
40 0.3 0.1875
40 0.3 0.2
40 0.3 0.25
40 0.3 0.15
40 0.3 0.2125
40 0.3 0.15
40 0.3 0.175
40 0.3 0.175
40 0.3 0.1875
40 0.3 0.1375
40 0.3 0.1875
40 0.3 0.2
40 0.3 0.1875
40 0.3 0.2
40 0.3 0.15
40 0.3 0.175
40 0.3 0.2
40 0.3 0.15
40 0.3 0.175
40 0.3 0.2375
40 0.3 0.175
40 0.3 0.15
40 0.3 0.2625
40 0.3 0.2125
40 0.3 0.1625
40 0.3 0.175
40 0.3 0.15
40 0.3 0.175
40 0.3 0.1625
40 0.3 0.175
40 0.3 0.2125
40 0.3 0.1375
40 0.3 0.1875
40 0.3 0.1375
40 0.3 0.1875
40 0.3 0.2125
40 0.3 0.2625
40 0.3 0.25
40 0.3 0.175
40 0.3 0.225
40 0.3 0.175
40 0.3 0.2
40 0.3 0.1375
40 0.3 0.225
40 0.3 0.1375
40 0.3 0.2
40 0.3 0.1625
40 0.3 0.1625
40 0.3 0.1875
40 0.3 0.175
40 0.3 0.1875
40 0.3 0.1625
40 0.3 0.125
40 0.3 0.175
40 0.3 0.2
40 0.3 0.175
40 0.3 0.2875
40 0.3 0.2
40 0.3 0.2875
40 0.3 0.1625
40 0.3 0.1875
40 0.3 0.1875
40 0.3 0.2
40 0.3 0.1625
40 0.3 0.175
40 0.3 0.25
40 0.3 0.2125
40 0.3 0.15
40 0.3 0.1125
40 0.3 0.2
40 0.3 0.225
40 0.3 0.2375
40 0.3 0.225
40 0.3 0.1625
40 0.3 0.175
40 0.3 0.2125
40 0.3 0.25
40 0.3 0.1875
40 0.3 0.1875
40 0.3 0.225
40 0.3 0.2125
40 0.3 0.2375
40 0.3 0.1625
40 0.3 0.1125
40 0.3 0.175
40 0.3 0.15
40 0.3 0.2375
40 0.3 0.2
40 0.3 0.1875
40 0.3 0.2
40 0.3 0.2
40 0.3 0.175
40 0.3 0.2125
40 0.3 0.15
40 0.3 0.2375
40 0.3 0.25
40 0.3 0.275
40 0.3 0.2
40 0.3 0.225
40 0.3 0.1625
40 0.3 0.1875
40 0.3 0.225
40 0.3 0.15
40 0.3 0.175
40 0.3 0.275
40 0.3 0.1625
40 0.3 0.1875
40 0.3 0.2
40 0.3 0.125
40 0.3 0.2625
40 0.3 0.15
40 0.3 0.1625
40 0.3 0.175
40 0.3 0.225
40 0.3 0.1875
40 0.3 0.225
40 0.3 0.175
40 0.3 0.225
40 0.3 0.2375
40 0.3 0.1375
40 0.3 0.1875
40 0.3 0.25
40 0.3 0.2125
40 0.3 0.1875
40 0.3 0.175
40 0.3 0.175
40 0.3 0.2125
40 0.3 0.25
40 0.3 0.2125
40 0.3 0.2
40 0.3 0.275
40 0.3 0.1875
40 0.3 0.175
40 0.3 0.1625
40 0.3 0.225
40 0.3 0.175
40 0.3 0.2
40 0.3 0.2
40 0.3 0.1625
40 0.3 0.2125
40 0.3 0.2375
40 0.3 0.225
40 0.3 0.225
40 0.3 0.2375
40 0.3 0.1875
40 0.3 0.2625
40 0.3 0.2125
40 0.3 0.225
40 0.3 0.2
40 0.3 0.15
40 0.3 0.15
40 0.3 0.2125
40 0.3 0.2125
40 0.3 0.175
40 0.3 0.2625
40 0.3 0.2375
40 0.3 0.225
40 0.3 0.1625
40 0.3 0.2
40 0.3 0.2375
40 0.3 0.2125
40 0.3 0.2125
40 0.3 0.15
40 0.3 0.1875
40 0.3 0.1375
40 0.3 0.2125
40 0.3 0.1875
40 0.3 0.25
40 0.3 0.1875
40 0.3 0.2625
40 0.3 0.225
40 0.3 0.1625
40 0.3 0.1625
40 0.3 0.2375
40 0.3 0.1875
40 0.3 0.1875
40 0.3 0.275
40 0.3 0.275
40 0.3 0.25
40 0.3 0.25
40 0.3 0.2
40 0.3 0.225
40 0.3 0.1875
40 0.3 0.2125
40 0.3 0.2
40 0.3 0.2625
40 0.3 0.2625
40 0.3 0.3125
40 0.3 0.225
40 0.3 0.225
40 0.3 0.2625
40 0.3 0.2375
40 0.3 0.2375
40 0.3 0.225
40 0.3 0.275
