10 0.15 0.1375
10 0.15 0.2
10 0.15 0.2875
10 0.15 0.1875
10 0.15 0.075
10 0.15 0.1375
10 0.15 0.175
10 0.15 0.2375
10 0.15 0.25
10 0.15 0.1625
10 0.15 0.2125
10 0.15 0.0125
10 0.15 0.05
10 0.15 0.1875
10 0.15 0.1
10 0.15 0.175
10 0.15 0.2
10 0.15 0.1625
10 0.15 0.05
10 0.15 0.075
10 0.15 0.05
10 0.15 0.0875
10 0.15 0.1875
10 0.15 0.075
10 0.15 0.075
10 0.15 0.075
10 0.15 0.1125
10 0.15 0.1875
10 0.15 0.075
10 0.15 0.1
10 0.15 0.0875
10 0.15 0.3125
10 0.15 0.1375
10 0.15 0.1
10 0.15 0.125
10 0.15 0.125
10 0.15 0.15
10 0.15 0.1125
10 0.15 0.275
10 0.15 0.1125
10 0.15 0.2
10 0.15 0.0625
10 0.15 0.1875
10 0.15 0.2125
10 0.15 0.1125
10 0.15 0
10 0.15 0.2875
10 0.15 0.1
10 0.15 0.2375
10 0.15 0.1875
10 0.15 0.1875
10 0.15 0.0625
10 0.15 0.1125
10 0.15 0.1375
10 0.15 0.025
10 0.15 0.1375
10 0.15 0.125
10 0.15 0.1
10 0.15 0.3
10 0.15 0.175
10 0.15 0.275
10 0.15 0.2125
10 0.15 0.1125
10 0.15 0.1625
10 0.15 0.1625
10 0.15 0.125
10 0.15 0.075
10 0.15 0.175
10 0.15 0.1125
10 0.15 0.2375
10 0.15 0.1875
10 0.15 0.075
10 0.15 0.175
10 0.15 0.1375
10 0.15 0.1
10 0.15 0.15
10 0.15 0.2875
10 0.15 0.15
10 0.15 0.1375
10 0.15 0.1125
10 0.15 0.2375
10 0.15 0.0875
10 0.15 0.2875
10 0.15 0.1375
10 0.15 0.225
10 0.15 0.1125
10 0.15 0.1125
10 0.15 0.2
10 0.15 0.1
10 0.15 0.1875
10 0.15 0.225
10 0.15 0.0375
10 0.15 0.0625
10 0.15 0.1125
10 0.15 0.175
10 0.15 0.2125
10 0.15 0.1
10 0.15 0.2875
10 0.15 0.1875
10 0.15 0.2
10 0.15 0.175
10 0.15 0.0125
10 0.15 0.1
10 0.15 0.1
10 0.15 0.075
10 0.15 0.1
10 0.15 0.2875
10 0.15 0.1125
10 0.15 0.1375
10 0.15 0.15
10 0.15 0.075
10 0.15 0.1
10 0.15 0.2375
10 0.15 0.2
10 0.15 0.125
10 0.15 0.175
10 0.15 0.175
10 0.15 0.1125
10 0.15 0.0375
10 0.15 0.1125
10 0.15 0.0875
10 0.15 0.075
10 0.15 0.1625
10 0.15 0.1875
10 0.15 0.125
10 0.15 0.1875
10 0.15 0.175
10 0.15 0.1375
10 0.15 0.125
10 0.15 0.1625
10 0.15 0
10 0.15 0.2125
10 0.15 0.2375
10 0.15 0.075
10 0.15 0.2125
10 0.15 0.1625
10 0.15 0.1125
10 0.15 0.1625
10 0.15 0.1875
10 0.15 0.0875
10 0.15 0.1625
10 0.15 0.125
10 0.15 0.2125
10 0.15 0.075
10 0.15 0.175
10 0.15 0.15
10 0.15 0.125
10 0.15 0.2125
10 0.15 0.275
10 0.15 0.15
10 0.15 0.1875
10 0.15 0.225
10 0.15 0.075
10 0.15 0.1625
10 0.15 0.2375
10 0.15 0.1125
10 0.15 0.1875
10 0.15 0.1125
10 0.15 0.175
10 0.15 0.2625
10 0.15 0.125
10 0.15 0.125
10 0.15 0.125
10 0.15 0.0375
10 0.15 0.15
10 0.15 0.1375
10 0.15 0.175
10 0.15 0.1625
10 0.15 0.075
10 0.15 0.125
10 0.15 0.0875
10 0.15 0.2375
10 0.15 0.0875
10 0.15 0.025
10 0.15 0.2125
10 0.15 0.0125
10 0.15 0.0625
10 0.15 0.2
10 0.15 0.2375
10 0.15 0.0625
10 0.15 0.15
10 0.15 0.1375
10 0.15 0.3
10 0.15 0.2875
10 0.15 0.0875
10 0.15 0.15
10 0.15 0.0875
10 0.15 0.075
10 0.15 0.15
10 0.15 0.125
10 0.15 0.15
10 0.15 0.0625
10 0.15 0.3125
10 0.15 0.1125
10 0.15 0.225
10 0.15 0.225
10 0.15 0.175
10 0.15 0.05
10 0.15 0.15
10 0.15 0.275
10 0.15 0.1125
10 0.15 0.1125
10 0.15 0.225
10 0.15 0.1
10 0.15 0.2
10 0.15 0.1875
10 0.15 0.15
10 0.15 0.0875
10 0.15 0.0875
10 0.15 0.25
10 0.15 0.2375
10 0.15 0.2875
10 0.15 0.2375
10 0.15 0.0125
10 0.15 0.225
10 0.15 0.1375
10 0.15 0.075
10 0.15 0.0125
10 0.15 0.2125
10 0.15 0.0625
10 0.15 0.025
10 0.15 0.1625
10 0.15 0.1
10 0.15 0.2
10 0.15 0.1875
10 0.15 0.15
10 0.15 0.1125
10 0.15 0.125
10 0.15 0.35
10 0.15 0.25
10 0.15 0.1
10 0.15 0.15
10 0.15 0.275
10 0.15 0.15
10 0.15 0.1125
10 0.15 0.125
10 0.15 0.1
10 0.15 0.1
10 0.15 0.15
10 0.15 0.1125
12 0.15 0
12 0.15 0
12 0.15 0
12 0.15 0
12 0.15 0
12 0.15 0.0125
12 0.15 0.0125
12 0.15 0
12 0.15 0
12 0.15 0
12 0.15 0.0125
12 0.15 0
12 0.15 0.0125
12 0.15 0
12 0.15 0
12 0.15 0
12 0.15 0
12 0.15 0
12 0.15 0
12 0.15 0.0125
12 0.15 0.0125
12 0.15 0
12 0.15 0.0125
12 0.15 0
12 0.15 0
12 0.15 0
12 0.15 0.0125
12 0.15 0
12 0.15 0
12 0.15 0.0125
12 0.15 0
12 0.15 0
12 0.15 0.0125
12 0.15 0.025
12 0.15 0
12 0.15 0.0125
12 0.15 0
12 0.15 0
12 0.15 0
12 0.15 0
12 0.15 0.0125
12 0.15 0
12 0.15 0.0125
12 0.15 0.0125
12 0.15 0
12 0.15 0
12 0.15 0
12 0.15 0
12 0.15 0
12 0.15 0.0125
12 0.15 0.0125
12 0.15 0
12 0.15 0.0125
12 0.15 0
12 0.15 0.0125
12 0.15 0
12 0.15 0.0125
12 0.15 0
12 0.15 0
12 0.15 0.0125
12 0.15 0
12 0.15 0.0125
12 0.15 0
12 0.15 0
12 0.15 0.025
12 0.15 0.0125
12 0.15 0
12 0.15 0.025
12 0.15 0.0125
12 0.15 0.0375
12 0.15 0.0375
12 0.15 0.0125
12 0.15 0.0625
12 0.15 0
12 0.15 0.0125
12 0.15 0
12 0.15 0
12 0.15 0.0125
12 0.15 0.025
12 0.15 0
12 0.15 0
12 0.15 0
12 0.15 0
12 0.15 0
12 0.15 0
12 0.15 0.0125
12 0.15 0
12 0.15 0
12 0.15 0
12 0.15 0
12 0.15 0.0125
12 0.15 0.0625
12 0.15 0
12 0.15 0
12 0.15 0
12 0.15 0.025
12 0.15 0.0375
12 0.15 0
12 0.15 0
12 0.15 0.0125
12 0.15 0.0125
12 0.15 0.0125
12 0.15 0
12 0.15 0
12 0.15 0.0125
12 0.15 0
12 0.15 0.0125
12 0.15 0.025
12 0.15 0
12 0.15 0.0125
12 0.15 0
12 0.15 0.0375
12 0.15 0.025
12 0.15 0.0125
12 0.15 0
12 0.15 0
12 0.15 0.0125
12 0.15 0
12 0.15 0.05
12 0.15 0.0125
12 0.15 0
12 0.15 0.0125
12 0.15 0.0125
12 0.15 0.0125
12 0.15 0.0375
12 0.15 0.0125
12 0.15 0.025
12 0.15 0.0125
12 0.15 0.0125
12 0.15 0.0125
12 0.15 0.025
12 0.15 0.05
12 0.15 0.0375
12 0.15 0.05
12 0.15 0.025
12 0.15 0.0125
12 0.15 0.0625
12 0.15 0.025
12 0.15 0.0125
12 0.15 0.0125
12 0.15 0.0125
12 0.15 0.0125
12 0.15 0.0125
12 0.15 0.0875
12 0.15 0.0125
12 0.15 0.025
12 0.15 0.025
12 0.15 0.025
12 0.15 0.0125
12 0.15 0.0625
12 0.15 0.025
12 0.15 0.025
12 0.15 0.025
12 0.15 0.0125
12 0.15 0.0375
12 0.15 0.0125
12 0.15 0.0125
12 0.15 0.0125
12 0.15 0.0625
12 0.15 0.0125
12 0.15 0.0125
12 0.15 0
12 0.15 0.0125
12 0.15 0
12 0.15 0
12 0.15 0.0625
12 0.15 0
12 0.15 0
12 0.15 0.0125
12 0.15 0
12 0.15 0
12 0.15 0
12 0.15 0
12 0.15 0
12 0.15 0.0125
12 0.15 0
12 0.15 0
12 0.15 0
12 0.15 0.0125
12 0.15 0.0125
12 0.15 0.0125
12 0.15 0.025
12 0.15 0.025
12 0.15 0.0125
12 0.15 0.0125
12 0.15 0.0125
12 0.15 0.0125
12 0.15 0.025
12 0.15 0.0125
12 0.15 0.0125
12 0.15 0.0625
12 0.15 0.0125
12 0.15 0.0125
12 0.15 0.025
12 0.15 0.025
12 0.15 0.025
12 0.15 0.0125
12 0.15 0.0125
12 0.15 0.0125
12 0.15 0.025
12 0.15 0.025
12 0.15 0.0375
12 0.15 0.0125
12 0.15 0.0375
12 0.15 0.025
12 0.15 0.05
12 0.15 0.0375
12 0.15 0.0125
12 0.15 0.025
12 0.15 0.0125
12 0.15 0.025
12 0.15 0.025
12 0.15 0.0375
12 0.15 0.0125
12 0.15 0.025
12 0.15 0.0375
12 0.15 0.025
12 0.15 0.025
12 0.15 0.0625
12 0.15 0.0375
12 0.15 0.025
12 0.15 0.0375
12 0.15 0.0125
12 0.15 0.0125
12 0.15 0.0375
12 0.15 0.0375
12 0.15 0.075
12 0.15 0.0375
12 0.15 0.075
12 0.15 0.0125
12 0.15 0.0875
12 0.15 0.025
12 0.15 0.0125
12 0.15 0.0625
12 0.15 0.05
12 0.15 0.025
12 0.15 0.0375
12 0.15 0.025
12 0.15 0.0625
12 0.15 0.0375
14 0.15 0
14 0.15 0
14 0.15 0.0125
14 0.15 0
14 0.15 0
14 0.15 0
14 0.15 0
14 0.15 0
14 0.15 0
14 0.15 0
14 0.15 0.0125
14 0.15 0
14 0.15 0
14 0.15 0
14 0.15 0
14 0.15 0
14 0.15 0
14 0.15 0
14 0.15 0
14 0.15 0
14 0.15 0
14 0.15 0
14 0.15 0
14 0.15 0
14 0.15 0
14 0.15 0
14 0.15 0
14 0.15 0
14 0.15 0
14 0.15 0
14 0.15 0.0125
14 0.15 0
14 0.15 0
14 0.15 0
14 0.15 0
14 0.15 0
14 0.15 0
14 0.15 0
14 0.15 0
14 0.15 0
14 0.15 0
14 0.15 0
14 0.15 0
14 0.15 0
14 0.15 0
14 0.15 0
14 0.15 0
14 0.15 0
14 0.15 0
14 0.15 0
14 0.15 0
14 0.15 0
14 0.15 0
14 0.15 0
14 0.15 0.0125
14 0.15 0
14 0.15 0
14 0.15 0
14 0.15 0
14 0.15 0
14 0.15 0
14 0.15 0
14 0.15 0.025
14 0.15 0.0125
14 0.15 0
14 0.15 0
14 0.15 0
14 0.15 0
14 0.15 0.0125
14 0.15 0
14 0.15 0
14 0.15 0
14 0.15 0
14 0.15 0
14 0.15 0
14 0.15 0
14 0.15 0
14 0.15 0
14 0.15 0
14 0.15 0.0125
14 0.15 0
14 0.15 0
14 0.15 0.0125
14 0.15 0.0125
14 0.15 0
14 0.15 0
14 0.15 0
14 0.15 0
14 0.15 0
14 0.15 0.0125
14 0.15 0
14 0.15 0
14 0.15 0
14 0.15 0
14 0.15 0
14 0.15 0.025
14 0.15 0.0125
14 0.15 0.0125
14 0.15 0.025
14 0.15 0.0125
14 0.15 0.0125
14 0.15 0
14 0.15 0.025
14 0.15 0.025
14 0.15 0.0125
14 0.15 0.0125
14 0.15 0.025
14 0.15 0.0125
14 0.15 0.0125
14 0.15 0.025
14 0.15 0.025
14 0.15 0
14 0.15 0
14 0.15 0
14 0.15 0
14 0.15 0
14 0.15 0
14 0.15 0.0125
14 0.15 0.0125
14 0.15 0
14 0.15 0
14 0.15 0
14 0.15 0
14 0.15 0
14 0.15 0
14 0.15 0
14 0.15 0
14 0.15 0
14 0.15 0
14 0.15 0
14 0.15 0
14 0.15 0
14 0.15 0
14 0.15 0.0375
14 0.15 0
14 0.15 0
14 0.15 0
14 0.15 0
14 0.15 0
14 0.15 0.0125
14 0.15 0.0125
14 0.15 0
14 0.15 0
14 0.15 0
14 0.15 0.0125
14 0.15 0
14 0.15 0.0125
14 0.15 0
14 0.15 0
14 0.15 0
14 0.15 0
14 0.15 0
14 0.15 0
14 0.15 0
14 0.15 0
14 0.15 0.025
14 0.15 0.0125
14 0.15 0.0125
14 0.15 0.0125
14 0.15 0.0125
14 0.15 0.0125
14 0.15 0.0125
14 0.15 0.0125
14 0.15 0.0125
14 0.15 0.0125
14 0.15 0.0125
14 0.15 0.0125
14 0.15 0.0125
14 0.15 0.0125
14 0.15 0.025
14 0.15 0.025
14 0.15 0.0125
14 0.15 0.0125
14 0.15 0.0375
14 0.15 0.0125
14 0.15 0.025
14 0.15 0.0125
14 0.15 0.0125
14 0.15 0.0125
14 0.15 0.0125
14 0.15 0.0125
14 0.15 0.0125
14 0.15 0.0125
14 0.15 0.025
14 0.15 0.0125
14 0.15 0.025
14 0.15 0.0125
14 0.15 0.0125
14 0.15 0.0125
14 0.15 0.025
14 0.15 0.0125
14 0.15 0.0125
14 0.15 0.0125
14 0.15 0.025
14 0.15 0.0125
14 0.15 0.0125
14 0.15 0.0125
14 0.15 0.0125
14 0.15 0.0375
14 0.15 0.0125
14 0.15 0.0125
14 0.15 0.025
14 0.15 0.025
14 0.15 0.0125
14 0.15 0.025
14 0.15 0.0125
14 0.15 0.025
14 0.15 0.025
14 0.15 0.0125
14 0.15 0.025
14 0.15 0.0375
14 0.15 0.0375
14 0.15 0.025
14 0.15 0.025
14 0.15 0.0375
14 0.15 0.0125
14 0.15 0.0125
14 0.15 0.0125
14 0.15 0.025
14 0.15 0.025
14 0.15 0.0375
14 0.15 0.025
14 0.15 0.025
14 0.15 0.025
14 0.15 0.0125
14 0.15 0.0125
14 0.15 0.025
14 0.15 0.025
14 0.15 0.025
14 0.15 0.0125
14 0.15 0.025
14 0.15 0.025
14 0.15 0.025
14 0.15 0.0375
14 0.15 0.025
14 0.15 0.025
14 0.15 0.025
14 0.15 0.025
14 0.15 0.0375
14 0.15 0.0625
16 0.15 0
16 0.15 0.0125
16 0.15 0
16 0.15 0
16 0.15 0
16 0.15 0.0125
16 0.15 0
16 0.15 0
16 0.15 0
16 0.15 0
16 0.15 0.0125
16 0.15 0
16 0.15 0
16 0.15 0
16 0.15 0
16 0.15 0.0125
16 0.15 0.0125
16 0.15 0
16 0.15 0.0125
16 0.15 0
16 0.15 0
16 0.15 0.025
16 0.15 0.0125
16 0.15 0
16 0.15 0
16 0.15 0
16 0.15 0
16 0.15 0
16 0.15 0.0125
16 0.15 0
16 0.15 0
16 0.15 0
16 0.15 0
16 0.15 0.0125
16 0.15 0
16 0.15 0.0125
16 0.15 0.0125
16 0.15 0
16 0.15 0.0125
16 0.15 0.0125
16 0.15 0
16 0.15 0
16 0.15 0
16 0.15 0.0125
16 0.15 0
16 0.15 0
16 0.15 0
16 0.15 0
16 0.15 0
16 0.15 0.0125
16 0.15 0
16 0.15 0
16 0.15 0
16 0.15 0
16 0.15 0
16 0.15 0
16 0.15 0
16 0.15 0
16 0.15 0
16 0.15 0
16 0.15 0
16 0.15 0
16 0.15 0.0125
16 0.15 0
16 0.15 0
16 0.15 0.0125
16 0.15 0
16 0.15 0
16 0.15 0
16 0.15 0
16 0.15 0
16 0.15 0
16 0.15 0
16 0.15 0
16 0.15 0
16 0.15 0
16 0.15 0
16 0.15 0
16 0.15 0
16 0.15 0
16 0.15 0
16 0.15 0.025
16 0.15 0
16 0.15 0.0125
16 0.15 0
16 0.15 0
16 0.15 0
16 0.15 0
16 0.15 0
16 0.15 0
16 0.15 0
16 0.15 0
16 0.15 0
16 0.15 0
16 0.15 0
16 0.15 0
16 0.15 0
16 0.15 0
16 0.15 0
16 0.15 0
16 0.15 0
16 0.15 0
16 0.15 0
16 0.15 0
16 0.15 0
16 0.15 0
16 0.15 0
16 0.15 0
16 0.15 0
16 0.15 0.0125
16 0.15 0
16 0.15 0
16 0.15 0
16 0.15 0
16 0.15 0
16 0.15 0
16 0.15 0
16 0.15 0
16 0.15 0
16 0.15 0.025
16 0.15 0
16 0.15 0
16 0.15 0
16 0.15 0
16 0.15 0.025
16 0.15 0.0125
16 0.15 0
16 0.15 0
16 0.15 0
16 0.15 0
16 0.15 0
16 0.15 0
16 0.15 0
16 0.15 0
16 0.15 0
16 0.15 0
16 0.15 0
16 0.15 0
16 0.15 0.0125
16 0.15 0
16 0.15 0
16 0.15 0
16 0.15 0
16 0.15 0
16 0.15 0
16 0.15 0.0125
16 0.15 0
16 0.15 0
16 0.15 0
16 0.15 0.0125
16 0.15 0
16 0.15 0.0125
16 0.15 0
16 0.15 0.0125
16 0.15 0.0125
16 0.15 0.025
16 0.15 0.0125
16 0.15 0.0125
16 0.15 0.025
16 0.15 0.025
16 0.15 0.0125
16 0.15 0.025
16 0.15 0.025
16 0.15 0.0125
16 0.15 0.0125
16 0.15 0.0125
16 0.15 0.0125
16 0.15 0.0125
16 0.15 0.025
16 0.15 0.0125
16 0.15 0.025
16 0.15 0.0125
16 0.15 0.0125
16 0.15 0.0125
16 0.15 0.025
16 0.15 0.0125
16 0.15 0.0125
16 0.15 0.0125
16 0.15 0.025
16 0.15 0.025
16 0.15 0.0125
16 0.15 0.0125
16 0.15 0.0125
16 0.15 0.025
16 0.15 0.0125
16 0.15 0.0125
16 0.15 0.0125
16 0.15 0.0125
16 0.15 0.0125
16 0.15 0.0125
16 0.15 0.025
16 0.15 0.0125
16 0.15 0.0125
16 0.15 0.0125
16 0.15 0.0125
16 0.15 0.0125
16 0.15 0.0125
16 0.15 0.0125
16 0.15 0.0125
16 0.15 0.0125
16 0.15 0.025
16 0.15 0.0125
16 0.15 0.0125
16 0.15 0.0125
16 0.15 0.0125
16 0.15 0.0125
16 0.15 0.0125
16 0.15 0.0125
16 0.15 0.025
16 0.15 0.025
16 0.15 0.0125
16 0.15 0.0125
16 0.15 0.0375
16 0.15 0.0125
16 0.15 0.0125
16 0.15 0.0375
16 0.15 0.0125
16 0.15 0.025
16 0.15 0.0125
16 0.15 0.0125
16 0.15 0.0125
16 0.15 0.025
16 0.15 0.025
16 0.15 0.025
16 0.15 0.0125
16 0.15 0.0125
16 0.15 0.025
16 0.15 0.0125
16 0.15 0.025
16 0.15 0.0375
16 0.15 0.0125
16 0.15 0.025
16 0.15 0.025
16 0.15 0.0125
16 0.15 0.025
16 0.15 0.0375
16 0.15 0.025
16 0.15 0.0375
16 0.15 0.025
16 0.15 0.05
18 0.15 0
18 0.15 0.0125
18 0.15 0
18 0.15 0
18 0.15 0
18 0.15 0
18 0.15 0
18 0.15 0
18 0.15 0.0125
18 0.15 0
18 0.15 0
18 0.15 0
18 0.15 0.0125
18 0.15 0
18 0.15 0
18 0.15 0
18 0.15 0
18 0.15 0.0125
18 0.15 0
18 0.15 0
18 0.15 0
18 0.15 0
18 0.15 0
18 0.15 0
18 0.15 0
18 0.15 0
18 0.15 0
18 0.15 0
18 0.15 0
18 0.15 0
18 0.15 0
18 0.15 0
18 0.15 0
18 0.15 0
18 0.15 0
18 0.15 0
18 0.15 0
18 0.15 0
18 0.15 0
18 0.15 0
18 0.15 0
18 0.15 0
18 0.15 0
18 0.15 0
18 0.15 0
18 0.15 0
18 0.15 0
18 0.15 0
18 0.15 0
18 0.15 0
18 0.15 0.0125
18 0.15 0.0125
18 0.15 0
18 0.15 0.0125
18 0.15 0
18 0.15 0.0125
18 0.15 0
18 0.15 0
18 0.15 0
18 0.15 0
18 0.15 0.0125
18 0.15 0
18 0.15 0.0125
18 0.15 0
18 0.15 0
18 0.15 0
18 0.15 0
18 0.15 0
18 0.15 0
18 0.15 0
18 0.15 0
18 0.15 0
18 0.15 0.0125
18 0.15 0
18 0.15 0
18 0.15 0
18 0.15 0
18 0.15 0
18 0.15 0
18 0.15 0.025
18 0.15 0
18 0.15 0
18 0.15 0
18 0.15 0
18 0.15 0
18 0.15 0
18 0.15 0.0125
18 0.15 0
18 0.15 0
18 0.15 0
18 0.15 0
18 0.15 0
18 0.15 0
18 0.15 0
18 0.15 0
18 0.15 0
18 0.15 0
18 0.15 0
18 0.15 0
18 0.15 0
18 0.15 0
18 0.15 0.0125
18 0.15 0.0125
18 0.15 0
18 0.15 0
18 0.15 0
18 0.15 0
18 0.15 0
18 0.15 0
18 0.15 0
18 0.15 0.0125
18 0.15 0.0125
18 0.15 0
18 0.15 0.0125
18 0.15 0
18 0.15 0
18 0.15 0
18 0.15 0.0125
18 0.15 0
18 0.15 0
18 0.15 0
18 0.15 0
18 0.15 0
18 0.15 0
18 0.15 0
18 0.15 0.0125
18 0.15 0
18 0.15 0
18 0.15 0
18 0.15 0
18 0.15 0
18 0.15 0
18 0.15 0
18 0.15 0
18 0.15 0
18 0.15 0
18 0.15 0
18 0.15 0
18 0.15 0
18 0.15 0
18 0.15 0.0125
18 0.15 0
18 0.15 0
18 0.15 0
18 0.15 0.0125
18 0.15 0
18 0.15 0
18 0.15 0
18 0.15 0
18 0.15 0
18 0.15 0
18 0.15 0
18 0.15 0
18 0.15 0
18 0.15 0.0125
18 0.15 0.0125
18 0.15 0.0125
18 0.15 0.0125
18 0.15 0.0125
18 0.15 0.0125
18 0.15 0.0125
18 0.15 0.0125
18 0.15 0.025
18 0.15 0.0125
18 0.15 0.0125
18 0.15 0.0125
18 0.15 0.0125
18 0.15 0.0125
18 0.15 0.0125
18 0.15 0.0125
18 0.15 0.0125
18 0.15 0.0125
18 0.15 0.025
18 0.15 0.0125
18 0.15 0.025
18 0.15 0.0125
18 0.15 0.0125
18 0.15 0.0125
18 0.15 0.0125
18 0.15 0.0125
18 0.15 0.0125
18 0.15 0.0125
18 0.15 0.0125
18 0.15 0.025
18 0.15 0.0125
18 0.15 0.0125
18 0.15 0.0125
18 0.15 0.0125
18 0.15 0.0125
18 0.15 0.0375
18 0.15 0.0125
18 0.15 0.0125
18 0.15 0.0125
18 0.15 0.0125
18 0.15 0.0125
18 0.15 0.0125
18 0.15 0.0125
18 0.15 0.0125
18 0.15 0.0125
18 0.15 0.0125
18 0.15 0.025
18 0.15 0.0125
18 0.15 0.0125
18 0.15 0.0125
18 0.15 0.0375
18 0.15 0.0125
18 0.15 0.0375
18 0.15 0.0125
18 0.15 0.0375
18 0.15 0.0125
18 0.15 0.0125
18 0.15 0.0125
18 0.15 0.0125
18 0.15 0.025
18 0.15 0.0125
18 0.15 0.0125
18 0.15 0.0125
18 0.15 0.0125
18 0.15 0.0125
18 0.15 0.0125
18 0.15 0.0375
18 0.15 0.0125
18 0.15 0.025
18 0.15 0.025
18 0.15 0.0125
18 0.15 0.0125
18 0.15 0.025
18 0.15 0.025
18 0.15 0.025
18 0.15 0.0375
18 0.15 0.0375
18 0.15 0.025
18 0.15 0.05
18 0.15 0.025
18 0.15 0.025
18 0.15 0.025
18 0.15 0.0375
18 0.15 0.025
18 0.15 0.0375
18 0.15 0.0375
20 0.15 0
20 0.15 0
20 0.15 0
20 0.15 0
20 0.15 0
20 0.15 0
20 0.15 0.0125
20 0.15 0
20 0.15 0
20 0.15 0
20 0.15 0
20 0.15 0
20 0.15 0
20 0.15 0
20 0.15 0
20 0.15 0
20 0.15 0
20 0.15 0
20 0.15 0.0125
20 0.15 0
20 0.15 0
20 0.15 0
20 0.15 0
20 0.15 0
20 0.15 0
20 0.15 0
20 0.15 0.0125
20 0.15 0
20 0.15 0.0125
20 0.15 0
20 0.15 0
20 0.15 0
20 0.15 0
20 0.15 0
20 0.15 0
20 0.15 0.0125
20 0.15 0.0125
20 0.15 0
20 0.15 0
20 0.15 0
20 0.15 0
20 0.15 0
20 0.15 0
20 0.15 0
20 0.15 0
20 0.15 0
20 0.15 0
20 0.15 0
20 0.15 0
20 0.15 0
20 0.15 0
20 0.15 0.0125
20 0.15 0
20 0.15 0
20 0.15 0
20 0.15 0.0125
20 0.15 0
20 0.15 0
20 0.15 0.0125
20 0.15 0
20 0.15 0
20 0.15 0
20 0.15 0.0125
20 0.15 0
20 0.15 0
20 0.15 0
20 0.15 0
20 0.15 0
20 0.15 0
20 0.15 0
20 0.15 0
20 0.15 0
20 0.15 0.0125
20 0.15 0
20 0.15 0
20 0.15 0
20 0.15 0
20 0.15 0
20 0.15 0.0125
20 0.15 0
20 0.15 0
20 0.15 0
20 0.15 0
20 0.15 0
20 0.15 0
20 0.15 0
20 0.15 0
20 0.15 0
20 0.15 0.0125
20 0.15 0
20 0.15 0
20 0.15 0
20 0.15 0
20 0.15 0
20 0.15 0.0125
20 0.15 0
20 0.15 0
20 0.15 0
20 0.15 0
20 0.15 0
20 0.15 0
20 0.15 0
20 0.15 0
20 0.15 0
20 0.15 0
20 0.15 0
20 0.15 0
20 0.15 0
20 0.15 0
20 0.15 0
20 0.15 0
20 0.15 0
20 0.15 0
20 0.15 0
20 0.15 0
20 0.15 0
20 0.15 0
20 0.15 0
20 0.15 0
20 0.15 0.0125
20 0.15 0
20 0.15 0
20 0.15 0.0125
20 0.15 0
20 0.15 0
20 0.15 0
20 0.15 0
20 0.15 0.0125
20 0.15 0
20 0.15 0
20 0.15 0
20 0.15 0
20 0.15 0
20 0.15 0
20 0.15 0.025
20 0.15 0
20 0.15 0
20 0.15 0
20 0.15 0
20 0.15 0
20 0.15 0
20 0.15 0
20 0.15 0
20 0.15 0
20 0.15 0
20 0.15 0
20 0.15 0
20 0.15 0
20 0.15 0.0125
20 0.15 0.0125
20 0.15 0.0125
20 0.15 0.025
20 0.15 0.0125
20 0.15 0.0125
20 0.15 0.0125
20 0.15 0.0125
20 0.15 0.0125
20 0.15 0.0125
20 0.15 0.0125
20 0.15 0.0125
20 0.15 0.0125
20 0.15 0.0125
20 0.15 0.0125
20 0.15 0.0125
20 0.15 0.025
20 0.15 0.0125
20 0.15 0.0125
20 0.15 0.025
20 0.15 0.025
20 0.15 0.0125
20 0.15 0.0125
20 0.15 0.0125
20 0.15 0.025
20 0.15 0.025
20 0.15 0.0375
20 0.15 0.0125
20 0.15 0.0125
20 0.15 0.0125
20 0.15 0.0125
20 0.15 0.0125
20 0.15 0.0125
20 0.15 0.0125
20 0.15 0.0125
20 0.15 0.0125
20 0.15 0.0125
20 0.15 0.0125
20 0.15 0.025
20 0.15 0.0125
20 0.15 0.0125
20 0.15 0.025
20 0.15 0.0125
20 0.15 0.0125
20 0.15 0.025
20 0.15 0.0125
20 0.15 0.0125
20 0.15 0.0125
20 0.15 0.0125
20 0.15 0.0125
20 0.15 0.0125
20 0.15 0.0125
20 0.15 0.0125
20 0.15 0.0125
20 0.15 0.025
20 0.15 0.0125
20 0.15 0.05
20 0.15 0.0125
20 0.15 0.0125
20 0.15 0.025
20 0.15 0.0125
20 0.15 0.0125
20 0.15 0.025
20 0.15 0.0125
20 0.15 0.0125
20 0.15 0.0125
20 0.15 0.025
20 0.15 0.0125
20 0.15 0.0125
20 0.15 0.025
20 0.15 0.0125
20 0.15 0.025
20 0.15 0.0125
20 0.15 0.0125
20 0.15 0.0125
20 0.15 0.025
20 0.15 0.0125
20 0.15 0.025
20 0.15 0.025
20 0.15 0.025
20 0.15 0.025
20 0.15 0.025
20 0.15 0.025
20 0.15 0.05
20 0.15 0.025
20 0.15 0.025
20 0.15 0.025
20 0.15 0.025
20 0.15 0.0625
20 0.15 0.0375
20 0.15 0.025
20 0.15 0.0375
24 0.15 0.0125
24 0.15 0.0125
24 0.15 0
24 0.15 0
24 0.15 0
24 0.15 0.0125
24 0.15 0
24 0.15 0
24 0.15 0
24 0.15 0
24 0.15 0
24 0.15 0.0125
24 0.15 0.0125
24 0.15 0
24 0.15 0.0125
24 0.15 0
24 0.15 0
24 0.15 0
24 0.15 0
24 0.15 0
24 0.15 0
24 0.15 0
24 0.15 0
24 0.15 0.0125
24 0.15 0
24 0.15 0
24 0.15 0
24 0.15 0
24 0.15 0
24 0.15 0
24 0.15 0
24 0.15 0
24 0.15 0
24 0.15 0.0125
24 0.15 0
24 0.15 0
24 0.15 0
24 0.15 0
24 0.15 0
24 0.15 0.0125
24 0.15 0
24 0.15 0
24 0.15 0
24 0.15 0
24 0.15 0
24 0.15 0
24 0.15 0
24 0.15 0
24 0.15 0
24 0.15 0
24 0.15 0
24 0.15 0
24 0.15 0
24 0.15 0.0125
24 0.15 0
24 0.15 0
24 0.15 0
24 0.15 0.0125
24 0.15 0
24 0.15 0
24 0.15 0
24 0.15 0
24 0.15 0
24 0.15 0.0125
24 0.15 0.0125
24 0.15 0
24 0.15 0
24 0.15 0
24 0.15 0.0125
24 0.15 0
24 0.15 0
24 0.15 0
24 0.15 0
24 0.15 0
24 0.15 0.0125
24 0.15 0
24 0.15 0
24 0.15 0
24 0.15 0
24 0.15 0
24 0.15 0.0125
24 0.15 0.0125
24 0.15 0
24 0.15 0
24 0.15 0
24 0.15 0.0125
24 0.15 0
24 0.15 0
24 0.15 0
24 0.15 0
24 0.15 0
24 0.15 0
24 0.15 0
24 0.15 0
24 0.15 0
24 0.15 0
24 0.15 0
24 0.15 0
24 0.15 0
24 0.15 0
24 0.15 0
24 0.15 0
24 0.15 0
24 0.15 0
24 0.15 0
24 0.15 0
24 0.15 0
24 0.15 0
24 0.15 0
24 0.15 0
24 0.15 0
24 0.15 0
24 0.15 0
24 0.15 0
24 0.15 0
24 0.15 0.0125
24 0.15 0
24 0.15 0
24 0.15 0
24 0.15 0
24 0.15 0
24 0.15 0.0125
24 0.15 0
24 0.15 0
24 0.15 0
24 0.15 0
24 0.15 0
24 0.15 0
24 0.15 0
24 0.15 0
24 0.15 0
24 0.15 0
24 0.15 0
24 0.15 0
24 0.15 0.0125
24 0.15 0
24 0.15 0
24 0.15 0
24 0.15 0
24 0.15 0
24 0.15 0
24 0.15 0.0125
24 0.15 0.0125
24 0.15 0.0125
24 0.15 0.0125
24 0.15 0.0125
24 0.15 0.0125
24 0.15 0.025
24 0.15 0.0125
24 0.15 0.0125
24 0.15 0.0125
24 0.15 0.0125
24 0.15 0.0125
24 0.15 0.0125
24 0.15 0.0125
24 0.15 0.0125
24 0.15 0.0125
24 0.15 0.0125
24 0.15 0.0125
24 0.15 0.0125
24 0.15 0.0125
24 0.15 0.0125
24 0.15 0.025
24 0.15 0.0125
24 0.15 0.0125
24 0.15 0.0125
24 0.15 0.0125
24 0.15 0.0125
24 0.15 0.0125
24 0.15 0.0125
24 0.15 0.0125
24 0.15 0.0125
24 0.15 0.0125
24 0.15 0.0125
24 0.15 0.0125
24 0.15 0.025
24 0.15 0.0125
24 0.15 0.0125
24 0.15 0.0125
24 0.15 0.0125
24 0.15 0.025
24 0.15 0.0125
24 0.15 0.0125
24 0.15 0.0125
24 0.15 0.0125
24 0.15 0.0125
24 0.15 0.0125
24 0.15 0.0125
24 0.15 0.0125
24 0.15 0.0125
24 0.15 0.0125
24 0.15 0.0375
24 0.15 0.0125
24 0.15 0.0125
24 0.15 0.0125
24 0.15 0.0125
24 0.15 0.0125
24 0.15 0.0125
24 0.15 0.0125
24 0.15 0.025
24 0.15 0.025
24 0.15 0.0125
24 0.15 0.0125
24 0.15 0.0125
24 0.15 0.0125
24 0.15 0.0125
24 0.15 0.0125
24 0.15 0.0125
24 0.15 0.0125
24 0.15 0.0125
24 0.15 0.0125
24 0.15 0.025
24 0.15 0.0125
24 0.15 0.0375
24 0.15 0.0125
24 0.15 0.0125
24 0.15 0.025
24 0.15 0.025
24 0.15 0.0125
24 0.15 0.0125
24 0.15 0.0125
24 0.15 0.025
24 0.15 0.025
24 0.15 0.0125
24 0.15 0.0125
24 0.15 0.025
24 0.15 0.025
24 0.15 0.025
24 0.15 0.025
24 0.15 0.0375
24 0.15 0.0375
24 0.15 0.025
24 0.15 0.025
24 0.15 0.025
24 0.15 0.025
24 0.15 0.025
24 0.15 0.025
24 0.15 0.025
24 0.15 0.05
24 0.15 0.025
28 0.15 0.0125
28 0.15 0
28 0.15 0
28 0.15 0
28 0.15 0
28 0.15 0
28 0.15 0
28 0.15 0
28 0.15 0
28 0.15 0
28 0.15 0
28 0.15 0
28 0.15 0
28 0.15 0.0125
28 0.15 0
28 0.15 0
28 0.15 0
28 0.15 0
28 0.15 0
28 0.15 0
28 0.15 0
28 0.15 0
28 0.15 0
28 0.15 0
28 0.15 0
28 0.15 0.0125
28 0.15 0
28 0.15 0
28 0.15 0
28 0.15 0
28 0.15 0
28 0.15 0
28 0.15 0
28 0.15 0
28 0.15 0
28 0.15 0
28 0.15 0
28 0.15 0
28 0.15 0
28 0.15 0
28 0.15 0.0125
28 0.15 0
28 0.15 0
28 0.15 0
28 0.15 0
28 0.15 0
28 0.15 0
28 0.15 0.0125
28 0.15 0
28 0.15 0
28 0.15 0.0125
28 0.15 0.0125
28 0.15 0
28 0.15 0
28 0.15 0
28 0.15 0.0125
28 0.15 0
28 0.15 0
28 0.15 0
28 0.15 0
28 0.15 0
28 0.15 0
28 0.15 0
28 0.15 0
28 0.15 0
28 0.15 0
28 0.15 0.0125
28 0.15 0.0125
28 0.15 0
28 0.15 0
28 0.15 0
28 0.15 0.0125
28 0.15 0
28 0.15 0
28 0.15 0
28 0.15 0
28 0.15 0
28 0.15 0
28 0.15 0
28 0.15 0
28 0.15 0
28 0.15 0
28 0.15 0
28 0.15 0.0125
28 0.15 0
28 0.15 0
28 0.15 0.0125
28 0.15 0
28 0.15 0
28 0.15 0
28 0.15 0
28 0.15 0
28 0.15 0
28 0.15 0.0125
28 0.15 0
28 0.15 0
28 0.15 0.0125
28 0.15 0
28 0.15 0.0125
28 0.15 0
28 0.15 0
28 0.15 0
28 0.15 0
28 0.15 0
28 0.15 0.0125
28 0.15 0
28 0.15 0
28 0.15 0.0125
28 0.15 0
28 0.15 0
28 0.15 0
28 0.15 0
28 0.15 0
28 0.15 0
28 0.15 0
28 0.15 0
28 0.15 0
28 0.15 0
28 0.15 0
28 0.15 0
28 0.15 0
28 0.15 0
28 0.15 0
28 0.15 0.0125
28 0.15 0
28 0.15 0
28 0.15 0
28 0.15 0
28 0.15 0.025
28 0.15 0.025
28 0.15 0.0125
28 0.15 0
28 0.15 0
28 0.15 0
28 0.15 0
28 0.15 0
28 0.15 0
28 0.15 0
28 0.15 0
28 0.15 0
28 0.15 0
28 0.15 0
28 0.15 0
28 0.15 0
28 0.15 0.0125
28 0.15 0
28 0.15 0.0125
28 0.15 0
28 0.15 0
28 0.15 0
28 0.15 0
28 0.15 0
28 0.15 0.0125
28 0.15 0.0125
28 0.15 0.0125
28 0.15 0.0125
28 0.15 0.0125
28 0.15 0.0125
28 0.15 0.0125
28 0.15 0.0125
28 0.15 0.0125
28 0.15 0.0125
28 0.15 0.0125
28 0.15 0.0125
28 0.15 0.0125
28 0.15 0.0125
28 0.15 0.0125
28 0.15 0.0125
28 0.15 0.0125
28 0.15 0.0125
28 0.15 0.0125
28 0.15 0.025
28 0.15 0.025
28 0.15 0.0125
28 0.15 0.0125
28 0.15 0.0125
28 0.15 0.0125
28 0.15 0.0125
28 0.15 0.025
28 0.15 0.0125
28 0.15 0.0125
28 0.15 0.0125
28 0.15 0.0125
28 0.15 0.0125
28 0.15 0.0125
28 0.15 0.0125
28 0.15 0.0125
28 0.15 0.0125
28 0.15 0.0375
28 0.15 0.0125
28 0.15 0.0125
28 0.15 0.025
28 0.15 0.025
28 0.15 0.0125
28 0.15 0.0125
28 0.15 0.0125
28 0.15 0.0125
28 0.15 0.0125
28 0.15 0.0125
28 0.15 0.0125
28 0.15 0.025
28 0.15 0.0125
28 0.15 0.0125
28 0.15 0.025
28 0.15 0.0375
28 0.15 0.0125
28 0.15 0.0125
28 0.15 0.0125
28 0.15 0.0125
28 0.15 0.0125
28 0.15 0.0125
28 0.15 0.025
28 0.15 0.0125
28 0.15 0.025
28 0.15 0.0125
28 0.15 0.025
28 0.15 0.0125
28 0.15 0.025
28 0.15 0.025
28 0.15 0.0125
28 0.15 0.0125
28 0.15 0.025
28 0.15 0.0125
28 0.15 0.0125
28 0.15 0.0125
28 0.15 0.025
28 0.15 0.0125
28 0.15 0.0125
28 0.15 0.025
28 0.15 0.0125
28 0.15 0.0125
28 0.15 0.025
28 0.15 0.025
28 0.15 0.025
28 0.15 0.025
28 0.15 0.025
28 0.15 0.025
28 0.15 0.025
28 0.15 0.025
28 0.15 0.025
32 0.15 0
32 0.15 0.0125
32 0.15 0
32 0.15 0
32 0.15 0
32 0.15 0
32 0.15 0
32 0.15 0
32 0.15 0
32 0.15 0
32 0.15 0.0125
32 0.15 0
32 0.15 0
32 0.15 0
32 0.15 0
32 0.15 0
32 0.15 0
32 0.15 0
32 0.15 0
32 0.15 0
32 0.15 0
32 0.15 0
32 0.15 0.0125
32 0.15 0
32 0.15 0
32 0.15 0
32 0.15 0
32 0.15 0
32 0.15 0.0125
32 0.15 0
32 0.15 0
32 0.15 0.025
32 0.15 0
32 0.15 0
32 0.15 0
32 0.15 0
32 0.15 0.0125
32 0.15 0.0125
32 0.15 0
32 0.15 0
32 0.15 0
32 0.15 0
32 0.15 0.0125
32 0.15 0
32 0.15 0
32 0.15 0
32 0.15 0
32 0.15 0.0125
32 0.15 0
32 0.15 0
32 0.15 0
32 0.15 0
32 0.15 0
32 0.15 0
32 0.15 0
32 0.15 0
32 0.15 0
32 0.15 0
32 0.15 0
32 0.15 0.0125
32 0.15 0.0125
32 0.15 0
32 0.15 0
32 0.15 0
32 0.15 0
32 0.15 0
32 0.15 0
32 0.15 0
32 0.15 0
32 0.15 0
32 0.15 0
32 0.15 0
32 0.15 0
32 0.15 0
32 0.15 0
32 0.15 0
32 0.15 0
32 0.15 0
32 0.15 0.0125
32 0.15 0
32 0.15 0
32 0.15 0
32 0.15 0
32 0.15 0
32 0.15 0
32 0.15 0
32 0.15 0
32 0.15 0
32 0.15 0.0125
32 0.15 0
32 0.15 0
32 0.15 0
32 0.15 0
32 0.15 0
32 0.15 0
32 0.15 0
32 0.15 0
32 0.15 0
32 0.15 0
32 0.15 0
32 0.15 0
32 0.15 0
32 0.15 0
32 0.15 0.0125
32 0.15 0
32 0.15 0.0125
32 0.15 0
32 0.15 0
32 0.15 0
32 0.15 0
32 0.15 0
32 0.15 0
32 0.15 0
32 0.15 0
32 0.15 0
32 0.15 0
32 0.15 0
32 0.15 0
32 0.15 0
32 0.15 0
32 0.15 0
32 0.15 0
32 0.15 0
32 0.15 0
32 0.15 0
32 0.15 0
32 0.15 0
32 0.15 0
32 0.15 0
32 0.15 0
32 0.15 0
32 0.15 0.0125
32 0.15 0.0125
32 0.15 0
32 0.15 0
32 0.15 0
32 0.15 0
32 0.15 0.0125
32 0.15 0
32 0.15 0.0125
32 0.15 0
32 0.15 0
32 0.15 0
32 0.15 0
32 0.15 0.0125
32 0.15 0
32 0.15 0.0125
32 0.15 0.0125
32 0.15 0.0125
32 0.15 0.0125
32 0.15 0.0125
32 0.15 0.0125
32 0.15 0.0125
32 0.15 0.0125
32 0.15 0.0125
32 0.15 0.0125
32 0.15 0.0125
32 0.15 0.0125
32 0.15 0.0125
32 0.15 0.0125
32 0.15 0.0125
32 0.15 0.0125
32 0.15 0.0125
32 0.15 0.0125
32 0.15 0.0125
32 0.15 0.0125
32 0.15 0.0125
32 0.15 0.0375
32 0.15 0.0125
32 0.15 0.0125
32 0.15 0.0125
32 0.15 0.0125
32 0.15 0.0125
32 0.15 0.0125
32 0.15 0.0125
32 0.15 0.025
32 0.15 0.0125
32 0.15 0.0125
32 0.15 0.0125
32 0.15 0.0125
32 0.15 0.0125
32 0.15 0.0125
32 0.15 0.025
32 0.15 0.0125
32 0.15 0.0125
32 0.15 0.0125
32 0.15 0.025
32 0.15 0.0125
32 0.15 0.0125
32 0.15 0.0125
32 0.15 0.0125
32 0.15 0.0125
32 0.15 0.0125
32 0.15 0.0125
32 0.15 0.0125
32 0.15 0.025
32 0.15 0.0125
32 0.15 0.025
32 0.15 0.0125
32 0.15 0.0125
32 0.15 0.0125
32 0.15 0.025
32 0.15 0.0125
32 0.15 0.0125
32 0.15 0.0125
32 0.15 0.0125
32 0.15 0.0125
32 0.15 0.0125
32 0.15 0.0125
32 0.15 0.0125
32 0.15 0.0125
32 0.15 0.025
32 0.15 0.0125
32 0.15 0.0125
32 0.15 0.025
32 0.15 0.0125
32 0.15 0.0125
32 0.15 0.025
32 0.15 0.0125
32 0.15 0.0125
32 0.15 0.025
32 0.15 0.025
32 0.15 0.0125
32 0.15 0.0125
32 0.15 0.025
32 0.15 0.0375
32 0.15 0.025
32 0.15 0.025
32 0.15 0.0125
32 0.15 0.025
32 0.15 0.0125
32 0.15 0.0125
32 0.15 0.0125
32 0.15 0.025
32 0.15 0.025
32 0.15 0.025
32 0.15 0.0375
32 0.15 0.025
32 0.15 0.025
32 0.15 0.0375
40 0.15 0.0125
40 0.15 0
40 0.15 0
40 0.15 0
40 0.15 0
40 0.15 0
40 0.15 0
40 0.15 0
40 0.15 0
40 0.15 0
40 0.15 0
40 0.15 0.0125
40 0.15 0
40 0.15 0
40 0.15 0
40 0.15 0
40 0.15 0
40 0.15 0.0125
40 0.15 0
40 0.15 0
40 0.15 0
40 0.15 0.0125
40 0.15 0
40 0.15 0
40 0.15 0
40 0.15 0
40 0.15 0.0125
40 0.15 0
40 0.15 0
40 0.15 0
40 0.15 0
40 0.15 0
40 0.15 0
40 0.15 0.0125
40 0.15 0
40 0.15 0
40 0.15 0
40 0.15 0
40 0.15 0
40 0.15 0
40 0.15 0
40 0.15 0
40 0.15 0
40 0.15 0
40 0.15 0
40 0.15 0
40 0.15 0
40 0.15 0
40 0.15 0
40 0.15 0
40 0.15 0.0125
40 0.15 0
40 0.15 0.0125
40 0.15 0
40 0.15 0
40 0.15 0
40 0.15 0
40 0.15 0
40 0.15 0
40 0.15 0
40 0.15 0
40 0.15 0.0125
40 0.15 0.0125
40 0.15 0
40 0.15 0
40 0.15 0
40 0.15 0.0125
40 0.15 0
40 0.15 0
40 0.15 0
40 0.15 0
40 0.15 0
40 0.15 0
40 0.15 0
40 0.15 0.0125
40 0.15 0
40 0.15 0
40 0.15 0
40 0.15 0.0125
40 0.15 0
40 0.15 0
40 0.15 0.0125
40 0.15 0.0125
40 0.15 0
40 0.15 0
40 0.15 0
40 0.15 0
40 0.15 0
40 0.15 0
40 0.15 0.0375
40 0.15 0
40 0.15 0
40 0.15 0.0125
40 0.15 0
40 0.15 0
40 0.15 0
40 0.15 0
40 0.15 0.0125
40 0.15 0
40 0.15 0
40 0.15 0
40 0.15 0
40 0.15 0
40 0.15 0
40 0.15 0
40 0.15 0
40 0.15 0
40 0.15 0
40 0.15 0
40 0.15 0
40 0.15 0.0125
40 0.15 0
40 0.15 0
40 0.15 0.0125
40 0.15 0
40 0.15 0
40 0.15 0
40 0.15 0
40 0.15 0
40 0.15 0
40 0.15 0
40 0.15 0
40 0.15 0
40 0.15 0
40 0.15 0.0125
40 0.15 0
40 0.15 0
40 0.15 0
40 0.15 0
40 0.15 0
40 0.15 0
40 0.15 0
40 0.15 0
40 0.15 0
40 0.15 0
40 0.15 0
40 0.15 0.0125
40 0.15 0
40 0.15 0
40 0.15 0
40 0.15 0
40 0.15 0
40 0.15 0
40 0.15 0
40 0.15 0
40 0.15 0
40 0.15 0
40 0.15 0
40 0.15 0
40 0.15 0
40 0.15 0
40 0.15 0
40 0.15 0.0125
40 0.15 0
40 0.15 0
40 0.15 0
40 0.15 0
40 0.15 0.0125
40 0.15 0
40 0.15 0
40 0.15 0
40 0.15 0
40 0.15 0
40 0.15 0.025
40 0.15 0.0125
40 0.15 0.0125
40 0.15 0.0125
40 0.15 0.0125
40 0.15 0.0125
40 0.15 0.0125
40 0.15 0.0125
40 0.15 0.0125
40 0.15 0.0125
40 0.15 0.0125
40 0.15 0.0125
40 0.15 0.0125
40 0.15 0.0125
40 0.15 0.0125
40 0.15 0.0125
40 0.15 0.0125
40 0.15 0.0125
40 0.15 0.0125
40 0.15 0.0125
40 0.15 0.0125
40 0.15 0.0125
40 0.15 0.0125
40 0.15 0.0125
40 0.15 0.0125
40 0.15 0.0125
40 0.15 0.0125
40 0.15 0.0125
40 0.15 0.025
40 0.15 0.0125
40 0.15 0.0125
40 0.15 0.0125
40 0.15 0.0125
40 0.15 0.0125
40 0.15 0.0125
40 0.15 0.0125
40 0.15 0.0125
40 0.15 0.0125
40 0.15 0.0125
40 0.15 0.0125
40 0.15 0.0375
40 0.15 0.0125
40 0.15 0.0125
40 0.15 0.0125
40 0.15 0.0125
40 0.15 0.0125
40 0.15 0.025
40 0.15 0.0125
40 0.15 0.025
40 0.15 0.0125
40 0.15 0.025
40 0.15 0.0125
40 0.15 0.0125
40 0.15 0.0125
40 0.15 0.025
40 0.15 0.0125
40 0.15 0.0125
40 0.15 0.025
40 0.15 0.0125
40 0.15 0.025
40 0.15 0.0125
40 0.15 0.0125
40 0.15 0.0375
40 0.15 0.025
40 0.15 0.025
40 0.15 0.0125
40 0.15 0.0125
40 0.15 0.025
40 0.15 0.025
40 0.15 0.025
40 0.15 0.025
40 0.15 0.025
40 0.15 0.025
40 0.15 0.0375
40 0.15 0.025
40 0.15 0.0375
40 0.15 0.05
