10 0.2 0.7375
10 0.2 0.775
10 0.2 0.7625
10 0.2 0.7
10 0.2 0.5875
10 0.2 0.6625
10 0.2 0.775
10 0.2 0.6625
10 0.2 0.725
10 0.2 0.675
10 0.2 0.7875
10 0.2 0.6625
10 0.2 0.7
10 0.2 0.6875
10 0.2 0.6125
10 0.2 0.575
10 0.2 0.6125
10 0.2 0.6
10 0.2 0.6375
10 0.2 0.65
10 0.2 0.5
10 0.2 0.675
10 0.2 0.7125
10 0.2 0.7625
10 0.2 0.7625
10 0.2 0.525
10 0.2 0.5625
10 0.2 0.6625
10 0.2 0.75
10 0.2 0.6
10 0.2 0.5125
10 0.2 0.725
10 0.2 0.625
10 0.2 0.5875
10 0.2 0.55
10 0.2 0.6
10 0.2 0.675
10 0.2 0.5625
10 0.2 0.625
10 0.2 0.7875
10 0.2 0.6375
10 0.2 0.75
10 0.2 0.675
10 0.2 0.6125
10 0.2 0.8375
10 0.2 0.55
10 0.2 0.675
10 0.2 0.675
10 0.2 0.6125
10 0.2 0.5875
10 0.2 0.775
10 0.2 0.85
10 0.2 0.675
10 0.2 0.5875
10 0.2 0.65
10 0.2 0.675
10 0.2 0.65
10 0.2 0.7375
10 0.2 0.675
10 0.2 0.6875
10 0.2 0.5625
10 0.2 0.7125
10 0.2 0.475
10 0.2 0.675
10 0.2 0.75
10 0.2 0.7
10 0.2 0.75
10 0.2 0.625
10 0.2 0.6625
10 0.2 0.55
10 0.2 0.6875
10 0.2 0.625
10 0.2 0.6875
10 0.2 0.7375
10 0.2 0.675
10 0.2 0.525
10 0.2 0.6875
10 0.2 0.7125
10 0.2 0.625
10 0.2 0.7875
10 0.2 0.725
10 0.2 0.6375
10 0.2 0.7625
10 0.2 0.6125
10 0.2 0.675
10 0.2 0.675
10 0.2 0.675
10 0.2 0.6875
10 0.2 0.65
10 0.2 0.6
10 0.2 0.6875
10 0.2 0.725
10 0.2 0.675
10 0.2 0.675
10 0.2 0.7
10 0.2 0.6375
10 0.2 0.7375
10 0.2 0.3625
10 0.2 0.6
10 0.2 0.7625
10 0.2 0.6875
10 0.2 0.6375
10 0.2 0.7125
10 0.2 0.625
10 0.2 0.675
10 0.2 0.5375
10 0.2 0.6875
10 0.2 0.6125
10 0.2 0.5375
10 0.2 0.7125
10 0.2 0.6125
10 0.2 0.6
10 0.2 0.475
10 0.2 0.55
10 0.2 0.65
10 0.2 0.6625
10 0.2 0.6625
10 0.2 0.75
10 0.2 0.675
10 0.2 0.625
10 0.2 0.45
10 0.2 0.5875
10 0.2 0.7625
10 0.2 0.65
10 0.2 0.6125
10 0.2 0.4375
10 0.2 0.675
10 0.2 0.6625
10 0.2 0.5875
10 0.2 0.625
10 0.2 0.525
10 0.2 0.725
10 0.2 0.5375
10 0.2 0.725
10 0.2 0.625
10 0.2 0.6875
10 0.2 0.5875
10 0.2 0.5875
10 0.2 0.7375
10 0.2 0.5875
10 0.2 0.5375
10 0.2 0.625
10 0.2 0.775
10 0.2 0.625
10 0.2 0.7625
10 0.2 0.825
10 0.2 0.5625
10 0.2 0.55
10 0.2 0.4625
10 0.2 0.6
10 0.2 0.4875
10 0.2 0.6875
10 0.2 0.7
10 0.2 0.6875
10 0.2 0.6125
10 0.2 0.7125
10 0.2 0.575
10 0.2 0.4875
10 0.2 0.6875
10 0.2 0.625
10 0.2 0.725
10 0.2 0.6375
10 0.2 0.5375
10 0.2 0.725
10 0.2 0.525
10 0.2 0.725
10 0.2 0.7
10 0.2 0.575
10 0.2 0.675
10 0.2 0.7375
10 0.2 0.6125
10 0.2 0.7125
10 0.2 0.6375
10 0.2 0.4875
10 0.2 0.55
10 0.2 0.6
10 0.2 0.625
10 0.2 0.6
10 0.2 0.75
10 0.2 0.6375
10 0.2 0.725
10 0.2 0.75
10 0.2 0.55
10 0.2 0.6125
10 0.2 0.5375
10 0.2 0.725
10 0.2 0.675
10 0.2 0.7875
10 0.2 0.6625
10 0.2 0.6375
10 0.2 0.4
10 0.2 0.5875
10 0.2 0.6
10 0.2 0.55
10 0.2 0.6375
10 0.2 0.6375
10 0.2 0.775
10 0.2 0.6
10 0.2 0.6375
10 0.2 0.8
10 0.2 0.4875
10 0.2 0.5875
10 0.2 0.55
10 0.2 0.5375
10 0.2 0.6625
10 0.2 0.6625
10 0.2 0.6625
10 0.2 0.625
10 0.2 0.65
10 0.2 0.725
10 0.2 0.7375
10 0.2 0.675
10 0.2 0.6875
10 0.2 0.525
10 0.2 0.5625
10 0.2 0.775
10 0.2 0.7375
10 0.2 0.6625
10 0.2 0.6125
10 0.2 0.575
10 0.2 0.7
10 0.2 0.6875
10 0.2 0.525
10 0.2 0.5125
10 0.2 0.6625
10 0.2 0.65
10 0.2 0.55
10 0.2 0.5625
10 0.2 0.7375
10 0.2 0.7375
10 0.2 0.75
10 0.2 0.675
10 0.2 0.65
10 0.2 0.65
10 0.2 0.65
10 0.2 0.7
10 0.2 0.5875
10 0.2 0.6875
10 0.2 0.7375
10 0.2 0.675
12 0.2 0.325
12 0.2 0.25
12 0.2 0.25
12 0.2 0.2125
12 0.2 0.2875
12 0.2 0.1
12 0.2 0.1875
12 0.2 0.2125
12 0.2 0.3375
12 0.2 0.4
12 0.2 0.25
12 0.2 0.225
12 0.2 0.3625
12 0.2 0.15
12 0.2 0.3875
12 0.2 0.2625
12 0.2 0.225
12 0.2 0.3
12 0.2 0.2875
12 0.2 0.225
12 0.2 0.2375
12 0.2 0.1875
12 0.2 0.1375
12 0.2 0.1625
12 0.2 0.275
12 0.2 0.275
12 0.2 0.225
12 0.2 0.225
12 0.2 0.2375
12 0.2 0.35
12 0.2 0.2625
12 0.2 0.1375
12 0.2 0.4625
12 0.2 0.25
12 0.2 0.2375
12 0.2 0.2875
12 0.2 0.2375
12 0.2 0.3
12 0.2 0.2
12 0.2 0.2125
12 0.2 0.1875
12 0.2 0.1125
12 0.2 0.2125
12 0.2 0.2125
12 0.2 0.25
12 0.2 0.3
12 0.2 0.2625
12 0.2 0.2625
12 0.2 0.2875
12 0.2 0.3125
12 0.2 0.2
12 0.2 0.225
12 0.2 0.2875
12 0.2 0.3375
12 0.2 0.1375
12 0.2 0.425
12 0.2 0.3625
12 0.2 0.175
12 0.2 0.2125
12 0.2 0.1625
12 0.2 0.4125
12 0.2 0.125
12 0.2 0.3625
12 0.2 0.1625
12 0.2 0.2625
12 0.2 0.1125
12 0.2 0.175
12 0.2 0.2875
12 0.2 0.2375
12 0.2 0.15
12 0.2 0.25
12 0.2 0.3125
12 0.2 0.275
12 0.2 0.3
12 0.2 0.2
12 0.2 0.375
12 0.2 0.2
12 0.2 0.25
12 0.2 0.3375
12 0.2 0.275
12 0.2 0.2375
12 0.2 0.1875
12 0.2 0.3
12 0.2 0.3125
12 0.2 0.1875
12 0.2 0.25
12 0.2 0.25
12 0.2 0.2125
12 0.2 0.275
12 0.2 0.2125
12 0.2 0.225
12 0.2 0.2375
12 0.2 0.2875
12 0.2 0.3125
12 0.2 0.1875
12 0.2 0.2125
12 0.2 0.4
12 0.2 0.35
12 0.2 0.2125
12 0.2 0.2125
12 0.2 0.2
12 0.2 0.325
12 0.2 0.2125
12 0.2 0.3
12 0.2 0.3
12 0.2 0.25
12 0.2 0.2375
12 0.2 0.4625
12 0.2 0.1375
12 0.2 0.075
12 0.2 0.3375
12 0.2 0.2
12 0.2 0.1625
12 0.2 0.3375
12 0.2 0.1875
12 0.2 0.225
12 0.2 0.2625
12 0.2 0.1375
12 0.2 0.4375
12 0.2 0.225
12 0.2 0.05
12 0.2 0.2375
12 0.2 0.3125
12 0.2 0.325
12 0.2 0.2875
12 0.2 0.225
12 0.2 0.225
12 0.2 0.175
12 0.2 0.2125
12 0.2 0.2625
12 0.2 0.225
12 0.2 0.175
12 0.2 0.15
12 0.2 0.25
12 0.2 0.2
12 0.2 0.2625
12 0.2 0.3
12 0.2 0.1875
12 0.2 0.2125
12 0.2 0.25
12 0.2 0.1625
12 0.2 0.4
12 0.2 0.225
12 0.2 0.2125
12 0.2 0.1375
12 0.2 0.2375
12 0.2 0.1125
12 0.2 0.325
12 0.2 0.2
12 0.2 0.0875
12 0.2 0.175
12 0.2 0.25
12 0.2 0.225
12 0.2 0.3
12 0.2 0.3125
12 0.2 0.2125
12 0.2 0.1625
12 0.2 0.3
12 0.2 0.3125
12 0.2 0.225
12 0.2 0.2125
12 0.2 0.225
12 0.2 0.2125
12 0.2 0.2875
12 0.2 0.2625
12 0.2 0.3125
12 0.2 0.2375
12 0.2 0.1375
12 0.2 0.2
12 0.2 0.3875
12 0.2 0.2875
12 0.2 0.2625
12 0.2 0.2625
12 0.2 0.3125
12 0.2 0.375
12 0.2 0.2
12 0.2 0.325
12 0.2 0.325
12 0.2 0.3
12 0.2 0.2875
12 0.2 0.175
12 0.2 0.25
12 0.2 0.35
12 0.2 0.2375
12 0.2 0.175
12 0.2 0.35
12 0.2 0.325
12 0.2 0.2125
12 0.2 0.3
12 0.2 0.1875
12 0.2 0.275
12 0.2 0.2625
12 0.2 0.3
12 0.2 0.2875
12 0.2 0.1875
12 0.2 0.2875
12 0.2 0.25
12 0.2 0.2625
12 0.2 0.375
12 0.2 0.2875
12 0.2 0.225
12 0.2 0.325
12 0.2 0.25
12 0.2 0.3125
12 0.2 0.2
12 0.2 0.1875
12 0.2 0.1
12 0.2 0.175
12 0.2 0.225
12 0.2 0.275
12 0.2 0.075
12 0.2 0.275
12 0.2 0.3
12 0.2 0.1875
12 0.2 0.2125
12 0.2 0.1625
12 0.2 0.3125
12 0.2 0.3875
12 0.2 0.2375
12 0.2 0.25
12 0.2 0.2
12 0.2 0.325
12 0.2 0.2
12 0.2 0.2125
12 0.2 0.1
12 0.2 0.25
12 0.2 0.275
12 0.2 0.3625
12 0.2 0.2
12 0.2 0.325
12 0.2 0.1875
12 0.2 0.25
12 0.2 0.3
12 0.2 0.225
12 0.2 0.3625
12 0.2 0.25
12 0.2 0.1375
12 0.2 0.3
12 0.2 0.2
12 0.2 0.1375
14 0.2 0.0625
14 0.2 0.175
14 0.2 0.0625
14 0.2 0.05
14 0.2 0.0625
14 0.2 0.0375
14 0.2 0.0125
14 0.2 0
14 0.2 0.075
14 0.2 0
14 0.2 0.0625
14 0.2 0.1125
14 0.2 0.0375
14 0.2 0
14 0.2 0
14 0.2 0.1
14 0.2 0.075
14 0.2 0.125
14 0.2 0.05
14 0.2 0.05
14 0.2 0.1125
14 0.2 0.025
14 0.2 0.0875
14 0.2 0
14 0.2 0.0875
14 0.2 0.025
14 0.2 0.125
14 0.2 0.125
14 0.2 0.0625
14 0.2 0.025
14 0.2 0.025
14 0.2 0.025
14 0.2 0.0375
14 0.2 0.175
14 0.2 0
14 0.2 0.025
14 0.2 0.025
14 0.2 0.0125
14 0.2 0.0375
14 0.2 0.0375
14 0.2 0.0375
14 0.2 0.0125
14 0.2 0.0125
14 0.2 0.0875
14 0.2 0.025
14 0.2 0.025
14 0.2 0.0375
14 0.2 0.0375
14 0.2 0.0375
14 0.2 0.1
14 0.2 0
14 0.2 0.0875
14 0.2 0.05
14 0.2 0
14 0.2 0.0125
14 0.2 0.0125
14 0.2 0.075
14 0.2 0.025
14 0.2 0.0125
14 0.2 0.0375
14 0.2 0.1
14 0.2 0.0625
14 0.2 0.05
14 0.2 0.075
14 0.2 0.1125
14 0.2 0.075
14 0.2 0.125
14 0.2 0.0875
14 0.2 0.0625
14 0.2 0.075
14 0.2 0.05
14 0.2 0.025
14 0.2 0.1
14 0.2 0.0875
14 0.2 0.0625
14 0.2 0.0125
14 0.2 0.025
14 0.2 0.175
14 0.2 0.025
14 0.2 0.05
14 0.2 0.0625
14 0.2 0.0625
14 0.2 0.025
14 0.2 0.1625
14 0.2 0.025
14 0.2 0.05
14 0.2 0.0375
14 0.2 0.025
14 0.2 0.0625
14 0.2 0.15
14 0.2 0.175
14 0.2 0.1625
14 0.2 0.075
14 0.2 0.0875
14 0.2 0.1
14 0.2 0.025
14 0.2 0.1
14 0.2 0.1125
14 0.2 0.0625
14 0.2 0.1375
14 0.2 0.05
14 0.2 0.0125
14 0.2 0.0875
14 0.2 0.0375
14 0.2 0.075
14 0.2 0.0375
14 0.2 0.025
14 0.2 0.05
14 0.2 0.0125
14 0.2 0.025
14 0.2 0.05
14 0.2 0.05
14 0.2 0.025
14 0.2 0.1
14 0.2 0.0625
14 0.2 0.05
14 0.2 0.0375
14 0.2 0.0625
14 0.2 0.1125
14 0.2 0.0375
14 0.2 0.075
14 0.2 0.025
14 0.2 0.125
14 0.2 0.0125
14 0.2 0.1125
14 0.2 0.075
14 0.2 0.1
14 0.2 0.125
14 0.2 0.0375
14 0.2 0.1
14 0.2 0.05
14 0.2 0.0125
14 0.2 0.1375
14 0.2 0.0375
14 0.2 0.05
14 0.2 0.025
14 0.2 0.0875
14 0.2 0.0375
14 0.2 0.0375
14 0.2 0.1875
14 0.2 0.075
14 0.2 0.025
14 0.2 0.075
14 0.2 0.1125
14 0.2 0.075
14 0.2 0.0375
14 0.2 0.025
14 0.2 0.0375
14 0.2 0.0625
14 0.2 0.025
14 0.2 0.025
14 0.2 0.075
14 0.2 0.025
14 0.2 0.0125
14 0.2 0.075
14 0.2 0.0375
14 0.2 0.0375
14 0.2 0.0375
14 0.2 0.05
14 0.2 0.075
14 0.2 0.075
14 0.2 0.025
14 0.2 0.0375
14 0.2 0.0625
14 0.2 0.1
14 0.2 0.075
14 0.2 0.0625
14 0.2 0.1125
14 0.2 0.1125
14 0.2 0.15
14 0.2 0.05
14 0.2 0.025
14 0.2 0.0375
14 0.2 0.05
14 0.2 0.075
14 0.2 0.025
14 0.2 0.05
14 0.2 0.0875
14 0.2 0.0375
14 0.2 0.0375
14 0.2 0.15
14 0.2 0.0375
14 0.2 0.1
14 0.2 0.0375
14 0.2 0.05
14 0.2 0.0625
14 0.2 0.125
14 0.2 0.1125
14 0.2 0.0875
14 0.2 0.075
14 0.2 0.1375
14 0.2 0.0625
14 0.2 0.1125
14 0.2 0.0625
14 0.2 0.025
14 0.2 0.05
14 0.2 0.05
14 0.2 0.1125
14 0.2 0.125
14 0.2 0.2
14 0.2 0.025
14 0.2 0.05
14 0.2 0.0625
14 0.2 0.0875
14 0.2 0.025
14 0.2 0.075
14 0.2 0.0875
14 0.2 0.05
14 0.2 0.0875
14 0.2 0.0375
14 0.2 0.0375
14 0.2 0.1125
14 0.2 0.075
14 0.2 0.025
14 0.2 0.15
14 0.2 0.0625
14 0.2 0.0875
14 0.2 0.05
14 0.2 0.1125
14 0.2 0.1625
14 0.2 0.05
14 0.2 0.0875
14 0.2 0.075
14 0.2 0.05
14 0.2 0.0625
14 0.2 0.0625
14 0.2 0.15
14 0.2 0.0625
14 0.2 0.0875
14 0.2 0.05
14 0.2 0.0875
14 0.2 0.0875
14 0.2 0.125
14 0.2 0.0875
14 0.2 0.1125
14 0.2 0.075
14 0.2 0.0625
14 0.2 0.1375
14 0.2 0.0875
14 0.2 0.1
16 0.2 0.025
16 0.2 0.0125
16 0.2 0.0375
16 0.2 0.025
16 0.2 0
16 0.2 0
16 0.2 0.0125
16 0.2 0
16 0.2 0
16 0.2 0.0625
16 0.2 0
16 0.2 0.0125
16 0.2 0
16 0.2 0.0125
16 0.2 0
16 0.2 0
16 0.2 0.0125
16 0.2 0.025
16 0.2 0.025
16 0.2 0.0375
16 0.2 0.0125
16 0.2 0.025
16 0.2 0.0375
16 0.2 0.0125
16 0.2 0.0125
16 0.2 0.0125
16 0.2 0
16 0.2 0.05
16 0.2 0
16 0.2 0.0125
16 0.2 0
16 0.2 0.0125
16 0.2 0.0125
16 0.2 0.025
16 0.2 0
16 0.2 0.0125
16 0.2 0.0375
16 0.2 0.025
16 0.2 0
16 0.2 0
16 0.2 0.05
16 0.2 0.0125
16 0.2 0.0125
16 0.2 0.0375
16 0.2 0
16 0.2 0
16 0.2 0
16 0.2 0.0125
16 0.2 0
16 0.2 0.05
16 0.2 0.025
16 0.2 0.025
16 0.2 0.0125
16 0.2 0.0125
16 0.2 0.0125
16 0.2 0
16 0.2 0.025
16 0.2 0.025
16 0.2 0.025
16 0.2 0.0125
16 0.2 0
16 0.2 0.0375
16 0.2 0.025
16 0.2 0.0125
16 0.2 0
16 0.2 0.0125
16 0.2 0
16 0.2 0
16 0.2 0.025
16 0.2 0.075
16 0.2 0
16 0.2 0.0125
16 0.2 0.0375
16 0.2 0
16 0.2 0.0625
16 0.2 0.05
16 0.2 0.0125
16 0.2 0.0125
16 0.2 0.025
16 0.2 0.0125
16 0.2 0.0375
16 0.2 0
16 0.2 0.0125
16 0.2 0.025
16 0.2 0.0375
16 0.2 0.0125
16 0.2 0.025
16 0.2 0.0375
16 0.2 0.0375
16 0.2 0.0125
16 0.2 0.05
16 0.2 0.025
16 0.2 0.025
16 0.2 0.05
16 0.2 0.025
16 0.2 0.025
16 0.2 0.0375
16 0.2 0.0375
16 0.2 0.025
16 0.2 0.025
16 0.2 0.025
16 0.2 0.0125
16 0.2 0.0375
16 0.2 0.0375
16 0.2 0.025
16 0.2 0.0125
16 0.2 0.025
16 0.2 0.075
16 0.2 0.0375
16 0.2 0.0625
16 0.2 0.0125
16 0.2 0.0125
16 0.2 0.025
16 0.2 0.025
16 0.2 0.025
16 0.2 0.0375
16 0.2 0.025
16 0.2 0.025
16 0.2 0.025
16 0.2 0.025
16 0.2 0.0625
16 0.2 0.0875
16 0.2 0.025
16 0.2 0.025
16 0.2 0.025
16 0.2 0.025
16 0.2 0.0125
16 0.2 0.025
16 0.2 0.05
16 0.2 0.0375
16 0.2 0.05
16 0.2 0.0375
16 0.2 0.0625
16 0.2 0.025
16 0.2 0.0125
16 0.2 0.0375
16 0.2 0.025
16 0.2 0.0375
16 0.2 0.025
16 0.2 0.0375
16 0.2 0.0375
16 0.2 0.025
16 0.2 0.025
16 0.2 0.0125
16 0.2 0.05
16 0.2 0.025
16 0.2 0.0375
16 0.2 0.05
16 0.2 0.0875
16 0.2 0.025
16 0.2 0.025
16 0.2 0.05
16 0.2 0.025
16 0.2 0.05
16 0.2 0.025
16 0.2 0.025
16 0.2 0.025
16 0.2 0.0125
16 0.2 0.025
16 0.2 0.05
16 0.2 0.025
16 0.2 0.025
16 0.2 0.05
16 0.2 0.025
16 0.2 0.025
16 0.2 0.0125
16 0.2 0.0875
16 0.2 0.025
16 0.2 0.05
16 0.2 0.05
16 0.2 0.0375
16 0.2 0.0625
16 0.2 0.025
16 0.2 0.05
16 0.2 0.0375
16 0.2 0.05
16 0.2 0.0375
16 0.2 0.0375
16 0.2 0.0625
16 0.2 0.025
16 0.2 0.0375
16 0.2 0.0625
16 0.2 0.0625
16 0.2 0.025
16 0.2 0.05
16 0.2 0.05
16 0.2 0.025
16 0.2 0.05
16 0.2 0.05
16 0.2 0.0375
16 0.2 0.0375
16 0.2 0.0375
16 0.2 0.0375
16 0.2 0.0625
16 0.2 0.0375
16 0.2 0.05
16 0.2 0.05
16 0.2 0.0375
16 0.2 0.025
16 0.2 0.025
16 0.2 0.05
16 0.2 0.0375
16 0.2 0.0375
16 0.2 0.0375
16 0.2 0.025
16 0.2 0.0625
16 0.2 0.0375
16 0.2 0.05
16 0.2 0.0375
16 0.2 0.075
16 0.2 0.0375
16 0.2 0.0375
16 0.2 0.0375
16 0.2 0.0875
16 0.2 0.0375
16 0.2 0.0375
16 0.2 0.0625
16 0.2 0.025
16 0.2 0.025
16 0.2 0.0375
16 0.2 0.05
16 0.2 0.0375
16 0.2 0.05
16 0.2 0.0625
16 0.2 0.05
16 0.2 0.05
16 0.2 0.0375
16 0.2 0.1
16 0.2 0.05
16 0.2 0.05
16 0.2 0.0375
16 0.2 0.075
16 0.2 0.05
16 0.2 0.0375
16 0.2 0.0625
16 0.2 0.0625
16 0.2 0.05
16 0.2 0.0625
16 0.2 0.05
16 0.2 0.0625
18 0.2 0
18 0.2 0.0625
18 0.2 0.025
18 0.2 0.0375
18 0.2 0
18 0.2 0.0125
18 0.2 0.0125
18 0.2 0
18 0.2 0.0125
18 0.2 0.0125
18 0.2 0
18 0.2 0
18 0.2 0.0125
18 0.2 0.0375
18 0.2 0
18 0.2 0
18 0.2 0
18 0.2 0.0125
18 0.2 0.025
18 0.2 0.0125
18 0.2 0
18 0.2 0
18 0.2 0.025
18 0.2 0
18 0.2 0.025
18 0.2 0.025
18 0.2 0
18 0.2 0.0125
18 0.2 0.025
18 0.2 0.0625
18 0.2 0
18 0.2 0
18 0.2 0.0125
18 0.2 0.025
18 0.2 0.0125
18 0.2 0.0125
18 0.2 0.05
18 0.2 0.0125
18 0.2 0
18 0.2 0.0125
18 0.2 0
18 0.2 0.025
18 0.2 0.025
18 0.2 0.0125
18 0.2 0
18 0.2 0
18 0.2 0.0125
18 0.2 0.025
18 0.2 0.025
18 0.2 0
18 0.2 0.0375
18 0.2 0
18 0.2 0.0125
18 0.2 0.0125
18 0.2 0.0125
18 0.2 0
18 0.2 0.0125
18 0.2 0.0125
18 0.2 0.0125
18 0.2 0.0125
18 0.2 0
18 0.2 0.0125
18 0.2 0.0625
18 0.2 0.0375
18 0.2 0.0125
18 0.2 0
18 0.2 0
18 0.2 0
18 0.2 0
18 0.2 0.0125
18 0.2 0.025
18 0.2 0.025
18 0.2 0.0125
18 0.2 0.025
18 0.2 0.025
18 0.2 0.0125
18 0.2 0.025
18 0.2 0
18 0.2 0
18 0.2 0
18 0.2 0
18 0.2 0.0125
18 0.2 0
18 0.2 0.0375
18 0.2 0
18 0.2 0.025
18 0.2 0
18 0.2 0.0125
18 0.2 0
18 0.2 0.05
18 0.2 0.0375
18 0.2 0.0125
18 0.2 0.0125
18 0.2 0.025
18 0.2 0.025
18 0.2 0.05
18 0.2 0.0125
18 0.2 0.025
18 0.2 0.0375
18 0.2 0.0125
18 0.2 0.0125
18 0.2 0.0125
18 0.2 0.025
18 0.2 0.025
18 0.2 0.0375
18 0.2 0.025
18 0.2 0.025
18 0.2 0.0125
18 0.2 0.025
18 0.2 0.0375
18 0.2 0.0125
18 0.2 0.025
18 0.2 0.025
18 0.2 0.0375
18 0.2 0.0375
18 0.2 0.05
18 0.2 0.025
18 0.2 0.0125
18 0.2 0.025
18 0.2 0.025
18 0.2 0.0375
18 0.2 0.025
18 0.2 0.0625
18 0.2 0.025
18 0.2 0.025
18 0.2 0.0125
18 0.2 0.025
18 0.2 0.025
18 0.2 0.0375
18 0.2 0.025
18 0.2 0.0125
18 0.2 0.0375
18 0.2 0.025
18 0.2 0.025
18 0.2 0.025
18 0.2 0.0125
18 0.2 0.025
18 0.2 0.025
18 0.2 0.05
18 0.2 0.025
18 0.2 0.025
18 0.2 0.025
18 0.2 0.0125
18 0.2 0.025
18 0.2 0.05
18 0.2 0.0375
18 0.2 0.0375
18 0.2 0.0375
18 0.2 0.025
18 0.2 0.05
18 0.2 0.025
18 0.2 0.0375
18 0.2 0.05
18 0.2 0.0625
18 0.2 0.0625
18 0.2 0.0125
18 0.2 0.05
18 0.2 0.025
18 0.2 0.025
18 0.2 0.0125
18 0.2 0.0375
18 0.2 0.025
18 0.2 0.0375
18 0.2 0.025
18 0.2 0.0375
18 0.2 0.025
18 0.2 0.025
18 0.2 0.0375
18 0.2 0.05
18 0.2 0.025
18 0.2 0.0125
18 0.2 0.05
18 0.2 0.025
18 0.2 0.0375
18 0.2 0.0125
18 0.2 0.0625
18 0.2 0.0375
18 0.2 0.0625
18 0.2 0.0375
18 0.2 0.0375
18 0.2 0.025
18 0.2 0.0375
18 0.2 0.025
18 0.2 0.025
18 0.2 0.0125
18 0.2 0.025
18 0.2 0.05
18 0.2 0.025
18 0.2 0.075
18 0.2 0.0125
18 0.2 0.0125
18 0.2 0.0375
18 0.2 0.025
18 0.2 0.025
18 0.2 0.0625
18 0.2 0.0625
18 0.2 0.025
18 0.2 0.05
18 0.2 0.0375
18 0.2 0.0375
18 0.2 0.0375
18 0.2 0.0375
18 0.2 0.05
18 0.2 0.0375
18 0.2 0.0375
18 0.2 0.05
18 0.2 0.0625
18 0.2 0.05
18 0.2 0.025
18 0.2 0.0375
18 0.2 0.025
18 0.2 0.05
18 0.2 0.0625
18 0.2 0.0375
18 0.2 0.025
18 0.2 0.075
18 0.2 0.0375
18 0.2 0.0375
18 0.2 0.05
18 0.2 0.025
18 0.2 0.05
18 0.2 0.0625
18 0.2 0.0625
18 0.2 0.0375
18 0.2 0.0625
18 0.2 0.025
18 0.2 0.075
18 0.2 0.05
18 0.2 0.0625
18 0.2 0.05
18 0.2 0.0375
18 0.2 0.025
18 0.2 0.05
18 0.2 0.0375
18 0.2 0.0375
18 0.2 0.075
18 0.2 0.075
18 0.2 0.0625
18 0.2 0.05
18 0.2 0.075
20 0.2 0.025
20 0.2 0.0125
20 0.2 0
20 0.2 0.0125
20 0.2 0.0125
20 0.2 0.0125
20 0.2 0
20 0.2 0
20 0.2 0
20 0.2 0
20 0.2 0
20 0.2 0.0375
20 0.2 0
20 0.2 0.0125
20 0.2 0.0125
20 0.2 0.0125
20 0.2 0
20 0.2 0
20 0.2 0
20 0.2 0
20 0.2 0
20 0.2 0.0375
20 0.2 0
20 0.2 0.0125
20 0.2 0.0125
20 0.2 0.0125
20 0.2 0
20 0.2 0.0125
20 0.2 0
20 0.2 0.025
20 0.2 0
20 0.2 0.0125
20 0.2 0.025
20 0.2 0
20 0.2 0
20 0.2 0
20 0.2 0.0125
20 0.2 0.0125
20 0.2 0
20 0.2 0.025
20 0.2 0.0375
20 0.2 0
20 0.2 0
20 0.2 0
20 0.2 0.025
20 0.2 0.0125
20 0.2 0.0125
20 0.2 0.025
20 0.2 0.025
20 0.2 0.0125
20 0.2 0.0375
20 0.2 0.0125
20 0.2 0.0125
20 0.2 0.0125
20 0.2 0.0125
20 0.2 0
20 0.2 0.0125
20 0.2 0.0125
20 0.2 0.0125
20 0.2 0
20 0.2 0.025
20 0.2 0.025
20 0.2 0.0375
20 0.2 0
20 0.2 0
20 0.2 0
20 0.2 0.0125
20 0.2 0
20 0.2 0.025
20 0.2 0.0125
20 0.2 0.0125
20 0.2 0
20 0.2 0
20 0.2 0
20 0.2 0.025
20 0.2 0
20 0.2 0.025
20 0.2 0.025
20 0.2 0.0125
20 0.2 0.0125
20 0.2 0.025
20 0.2 0.0125
20 0.2 0
20 0.2 0.025
20 0.2 0.025
20 0.2 0.0125
20 0.2 0.025
20 0.2 0.025
20 0.2 0.0125
20 0.2 0
20 0.2 0.025
20 0.2 0.0125
20 0.2 0
20 0.2 0.025
20 0.2 0.025
20 0.2 0.025
20 0.2 0.0125
20 0.2 0.0375
20 0.2 0.0125
20 0.2 0.0125
20 0.2 0.025
20 0.2 0.0125
20 0.2 0.0125
20 0.2 0.025
20 0.2 0.0125
20 0.2 0.025
20 0.2 0.0125
20 0.2 0.025
20 0.2 0.025
20 0.2 0.0125
20 0.2 0.0125
20 0.2 0.025
20 0.2 0.025
20 0.2 0.025
20 0.2 0.0125
20 0.2 0.05
20 0.2 0.0375
20 0.2 0.0125
20 0.2 0.0375
20 0.2 0.0125
20 0.2 0.025
20 0.2 0.025
20 0.2 0.0125
20 0.2 0.0125
20 0.2 0.025
20 0.2 0.025
20 0.2 0.0125
20 0.2 0.025
20 0.2 0.025
20 0.2 0.025
20 0.2 0.0125
20 0.2 0.0125
20 0.2 0.075
20 0.2 0.0375
20 0.2 0.025
20 0.2 0.0375
20 0.2 0.0375
20 0.2 0.0125
20 0.2 0.025
20 0.2 0.0125
20 0.2 0.0125
20 0.2 0.025
20 0.2 0.025
20 0.2 0.0125
20 0.2 0.025
20 0.2 0.025
20 0.2 0.025
20 0.2 0.05
20 0.2 0.0375
20 0.2 0.0125
20 0.2 0.0125
20 0.2 0.025
20 0.2 0.025
20 0.2 0.025
20 0.2 0.0125
20 0.2 0.025
20 0.2 0.0125
20 0.2 0.025
20 0.2 0.025
20 0.2 0.05
20 0.2 0.0375
20 0.2 0.025
20 0.2 0.05
20 0.2 0.05
20 0.2 0.0125
20 0.2 0.025
20 0.2 0.0375
20 0.2 0.0375
20 0.2 0.0125
20 0.2 0.0375
20 0.2 0.025
20 0.2 0.025
20 0.2 0.025
20 0.2 0.025
20 0.2 0.0125
20 0.2 0.0375
20 0.2 0.025
20 0.2 0.025
20 0.2 0.025
20 0.2 0.025
20 0.2 0.0375
20 0.2 0.0125
20 0.2 0.025
20 0.2 0.0375
20 0.2 0.0375
20 0.2 0.0125
20 0.2 0.0375
20 0.2 0.025
20 0.2 0.025
20 0.2 0.025
20 0.2 0.05
20 0.2 0.025
20 0.2 0.0625
20 0.2 0.0375
20 0.2 0.0125
20 0.2 0.025
20 0.2 0.025
20 0.2 0.05
20 0.2 0.025
20 0.2 0.025
20 0.2 0.0375
20 0.2 0.025
20 0.2 0.0375
20 0.2 0.025
20 0.2 0.0375
20 0.2 0.0375
20 0.2 0.05
20 0.2 0.05
20 0.2 0.0625
20 0.2 0.0375
20 0.2 0.025
20 0.2 0.0375
20 0.2 0.05
20 0.2 0.0375
20 0.2 0.0375
20 0.2 0.0625
20 0.2 0.0375
20 0.2 0.0625
20 0.2 0.025
20 0.2 0.025
20 0.2 0.025
20 0.2 0.025
20 0.2 0.05
20 0.2 0.05
20 0.2 0.025
20 0.2 0.05
20 0.2 0.1125
20 0.2 0.0625
20 0.2 0.025
20 0.2 0.05
20 0.2 0.0625
20 0.2 0.05
20 0.2 0.05
20 0.2 0.05
20 0.2 0.05
20 0.2 0.0375
20 0.2 0.0625
20 0.2 0.075
20 0.2 0.05
20 0.2 0.0875
24 0.2 0.0125
24 0.2 0
24 0.2 0
24 0.2 0
24 0.2 0
24 0.2 0
24 0.2 0
24 0.2 0
24 0.2 0
24 0.2 0.025
24 0.2 0.0125
24 0.2 0.025
24 0.2 0
24 0.2 0
24 0.2 0.0125
24 0.2 0
24 0.2 0
24 0.2 0
24 0.2 0.0125
24 0.2 0.0125
24 0.2 0.0125
24 0.2 0.0125
24 0.2 0
24 0.2 0.0125
24 0.2 0.0125
24 0.2 0
24 0.2 0.0125
24 0.2 0
24 0.2 0
24 0.2 0
24 0.2 0
24 0.2 0.0125
24 0.2 0.025
24 0.2 0.0125
24 0.2 0
24 0.2 0.0125
24 0.2 0
24 0.2 0.0125
24 0.2 0
24 0.2 0
24 0.2 0.025
24 0.2 0.0125
24 0.2 0.0125
24 0.2 0.025
24 0.2 0
24 0.2 0
24 0.2 0.025
24 0.2 0
24 0.2 0.025
24 0.2 0.0125
24 0.2 0.025
24 0.2 0.0125
24 0.2 0.0125
24 0.2 0
24 0.2 0
24 0.2 0
24 0.2 0.025
24 0.2 0.0125
24 0.2 0.0125
24 0.2 0
24 0.2 0.0125
24 0.2 0
24 0.2 0.0125
24 0.2 0
24 0.2 0
24 0.2 0.025
24 0.2 0.0125
24 0.2 0.0125
24 0.2 0.0125
24 0.2 0.0375
24 0.2 0.0125
24 0.2 0.0125
24 0.2 0.0125
24 0.2 0.0125
24 0.2 0
24 0.2 0.0125
24 0.2 0.0125
24 0.2 0.0375
24 0.2 0
24 0.2 0.0125
24 0.2 0.0125
24 0.2 0.025
24 0.2 0
24 0.2 0
24 0.2 0.025
24 0.2 0
24 0.2 0
24 0.2 0.025
24 0.2 0
24 0.2 0.0125
24 0.2 0.025
24 0.2 0.0125
24 0.2 0.0125
24 0.2 0
24 0.2 0.0375
24 0.2 0.025
24 0.2 0.025
24 0.2 0.025
24 0.2 0.025
24 0.2 0.025
24 0.2 0.025
24 0.2 0.025
24 0.2 0.025
24 0.2 0.0125
24 0.2 0.025
24 0.2 0.025
24 0.2 0.0375
24 0.2 0.0375
24 0.2 0.025
24 0.2 0.025
24 0.2 0.0125
24 0.2 0.0125
24 0.2 0.025
24 0.2 0.0125
24 0.2 0.0125
24 0.2 0.05
24 0.2 0.0375
24 0.2 0.025
24 0.2 0.0125
24 0.2 0.025
24 0.2 0.0375
24 0.2 0.0125
24 0.2 0.0125
24 0.2 0.025
24 0.2 0.0125
24 0.2 0.0125
24 0.2 0.0125
24 0.2 0.0125
24 0.2 0.025
24 0.2 0.025
24 0.2 0.0375
24 0.2 0.025
24 0.2 0.0375
24 0.2 0.0125
24 0.2 0.0125
24 0.2 0.0125
24 0.2 0.0125
24 0.2 0.0375
24 0.2 0.025
24 0.2 0.025
24 0.2 0.0125
24 0.2 0.0375
24 0.2 0.025
24 0.2 0.0125
24 0.2 0.0375
24 0.2 0.05
24 0.2 0.0375
24 0.2 0.0125
24 0.2 0.0375
24 0.2 0.05
24 0.2 0.0125
24 0.2 0.0125
24 0.2 0.025
24 0.2 0.0375
24 0.2 0.025
24 0.2 0.025
24 0.2 0.0125
24 0.2 0.025
24 0.2 0.025
24 0.2 0.0125
24 0.2 0.025
24 0.2 0.0125
24 0.2 0.0125
24 0.2 0.0125
24 0.2 0.05
24 0.2 0.0375
24 0.2 0.025
24 0.2 0.025
24 0.2 0.025
24 0.2 0.0125
24 0.2 0.0625
24 0.2 0.0375
24 0.2 0.025
24 0.2 0.0375
24 0.2 0.025
24 0.2 0.0125
24 0.2 0.025
24 0.2 0.025
24 0.2 0.0125
24 0.2 0.025
24 0.2 0.025
24 0.2 0.025
24 0.2 0.0375
24 0.2 0.0375
24 0.2 0.0375
24 0.2 0.0375
24 0.2 0.025
24 0.2 0.0375
24 0.2 0.025
24 0.2 0.05
24 0.2 0.025
24 0.2 0.025
24 0.2 0.0375
24 0.2 0.0125
24 0.2 0.0125
24 0.2 0.025
24 0.2 0.0375
24 0.2 0.025
24 0.2 0.0375
24 0.2 0.05
24 0.2 0.05
24 0.2 0.0625
24 0.2 0.05
24 0.2 0.025
24 0.2 0.025
24 0.2 0.05
24 0.2 0.0375
24 0.2 0.0375
24 0.2 0.0375
24 0.2 0.0375
24 0.2 0.0625
24 0.2 0.025
24 0.2 0.025
24 0.2 0.0625
24 0.2 0.0375
24 0.2 0.0625
24 0.2 0.05
24 0.2 0.025
24 0.2 0.025
24 0.2 0.0375
24 0.2 0.05
24 0.2 0.05
24 0.2 0.025
24 0.2 0.0375
24 0.2 0.0375
24 0.2 0.05
24 0.2 0.0375
24 0.2 0.05
24 0.2 0.0875
24 0.2 0.0625
24 0.2 0.05
24 0.2 0.05
24 0.2 0.0625
24 0.2 0.05
24 0.2 0.0625
24 0.2 0.05
24 0.2 0.0375
24 0.2 0.05
24 0.2 0.05
24 0.2 0.075
28 0.2 0
28 0.2 0.025
28 0.2 0.025
28 0.2 0
28 0.2 0.025
28 0.2 0
28 0.2 0.025
28 0.2 0
28 0.2 0
28 0.2 0
28 0.2 0
28 0.2 0.0125
28 0.2 0.0125
28 0.2 0
28 0.2 0
28 0.2 0.0125
28 0.2 0.025
28 0.2 0
28 0.2 0
28 0.2 0.0125
28 0.2 0.0125
28 0.2 0.0125
28 0.2 0.0125
28 0.2 0
28 0.2 0.025
28 0.2 0
28 0.2 0
28 0.2 0
28 0.2 0.025
28 0.2 0
28 0.2 0.0125
28 0.2 0.0125
28 0.2 0.0125
28 0.2 0
28 0.2 0.0125
28 0.2 0
28 0.2 0.025
28 0.2 0.0125
28 0.2 0
28 0.2 0.0125
28 0.2 0
28 0.2 0.0125
28 0.2 0
28 0.2 0.0125
28 0.2 0
28 0.2 0
28 0.2 0.025
28 0.2 0
28 0.2 0.0125
28 0.2 0
28 0.2 0
28 0.2 0.0125
28 0.2 0.0125
28 0.2 0.0375
28 0.2 0.025
28 0.2 0.0125
28 0.2 0.025
28 0.2 0
28 0.2 0.025
28 0.2 0.025
28 0.2 0.0125
28 0.2 0.0125
28 0.2 0
28 0.2 0.025
28 0.2 0
28 0.2 0
28 0.2 0.0125
28 0.2 0
28 0.2 0
28 0.2 0
28 0.2 0
28 0.2 0.025
28 0.2 0
28 0.2 0
28 0.2 0
28 0.2 0
28 0.2 0
28 0.2 0
28 0.2 0.0125
28 0.2 0
28 0.2 0.0125
28 0.2 0.0125
28 0.2 0.0375
28 0.2 0.0125
28 0.2 0.0375
28 0.2 0.0125
28 0.2 0.0125
28 0.2 0.0125
28 0.2 0
28 0.2 0.025
28 0.2 0.025
28 0.2 0.0125
28 0.2 0.025
28 0.2 0.025
28 0.2 0.0125
28 0.2 0.025
28 0.2 0.0125
28 0.2 0.0125
28 0.2 0.025
28 0.2 0.025
28 0.2 0.0375
28 0.2 0.0125
28 0.2 0.0375
28 0.2 0.0375
28 0.2 0.0125
28 0.2 0.0125
28 0.2 0.0125
28 0.2 0.0375
28 0.2 0.0375
28 0.2 0.0125
28 0.2 0.0125
28 0.2 0.0375
28 0.2 0.0125
28 0.2 0.025
28 0.2 0.0375
28 0.2 0.025
28 0.2 0.0125
28 0.2 0.0125
28 0.2 0.0125
28 0.2 0.0125
28 0.2 0.0125
28 0.2 0.025
28 0.2 0.025
28 0.2 0.025
28 0.2 0.0375
28 0.2 0.0125
28 0.2 0.0125
28 0.2 0.025
28 0.2 0.05
28 0.2 0.0125
28 0.2 0.0375
28 0.2 0.025
28 0.2 0.0375
28 0.2 0.0125
28 0.2 0.025
28 0.2 0.025
28 0.2 0.0125
28 0.2 0.0625
28 0.2 0.025
28 0.2 0.025
28 0.2 0.0125
28 0.2 0.0375
28 0.2 0.0125
28 0.2 0.0125
28 0.2 0.0125
28 0.2 0.025
28 0.2 0.0125
28 0.2 0.0125
28 0.2 0.025
28 0.2 0.0125
28 0.2 0.025
28 0.2 0.0125
28 0.2 0.025
28 0.2 0.0125
28 0.2 0.0125
28 0.2 0.0125
28 0.2 0.025
28 0.2 0.0125
28 0.2 0.0125
28 0.2 0.0375
28 0.2 0.05
28 0.2 0.0125
28 0.2 0.0125
28 0.2 0.05
28 0.2 0.05
28 0.2 0.0125
28 0.2 0.0375
28 0.2 0.0125
28 0.2 0.025
28 0.2 0.0125
28 0.2 0.0375
28 0.2 0.0375
28 0.2 0.05
28 0.2 0.025
28 0.2 0.025
28 0.2 0.05
28 0.2 0.025
28 0.2 0.025
28 0.2 0.025
28 0.2 0.0125
28 0.2 0.0375
28 0.2 0.05
28 0.2 0.0125
28 0.2 0.0375
28 0.2 0.0125
28 0.2 0.05
28 0.2 0.025
28 0.2 0.0125
28 0.2 0.0125
28 0.2 0.025
28 0.2 0.0375
28 0.2 0.0125
28 0.2 0.025
28 0.2 0.05
28 0.2 0.0375
28 0.2 0.025
28 0.2 0.0375
28 0.2 0.025
28 0.2 0.0125
28 0.2 0.0375
28 0.2 0.0375
28 0.2 0.025
28 0.2 0.0375
28 0.2 0.025
28 0.2 0.025
28 0.2 0.0375
28 0.2 0.0375
28 0.2 0.05
28 0.2 0.025
28 0.2 0.025
28 0.2 0.025
28 0.2 0.025
28 0.2 0.025
28 0.2 0.0625
28 0.2 0.0375
28 0.2 0.025
28 0.2 0.025
28 0.2 0.025
28 0.2 0.0625
28 0.2 0.025
28 0.2 0.0625
28 0.2 0.025
28 0.2 0.025
28 0.2 0.0375
28 0.2 0.025
28 0.2 0.0375
28 0.2 0.0375
28 0.2 0.05
28 0.2 0.0375
28 0.2 0.0375
28 0.2 0.025
28 0.2 0.025
28 0.2 0.025
28 0.2 0.0625
28 0.2 0.0375
28 0.2 0.0625
28 0.2 0.0375
28 0.2 0.05
28 0.2 0.0625
28 0.2 0.05
32 0.2 0.025
32 0.2 0
32 0.2 0.0125
32 0.2 0
32 0.2 0
32 0.2 0
32 0.2 0
32 0.2 0
32 0.2 0.0125
32 0.2 0
32 0.2 0.025
32 0.2 0.0125
32 0.2 0.0125
32 0.2 0.0125
32 0.2 0.0125
32 0.2 0
32 0.2 0
32 0.2 0.0125
32 0.2 0.025
32 0.2 0
32 0.2 0.025
32 0.2 0
32 0.2 0.025
32 0.2 0.025
32 0.2 0
32 0.2 0.0125
32 0.2 0
32 0.2 0.0125
32 0.2 0.0125
32 0.2 0
32 0.2 0.025
32 0.2 0.025
32 0.2 0
32 0.2 0
32 0.2 0.025
32 0.2 0.0125
32 0.2 0
32 0.2 0.0125
32 0.2 0
32 0.2 0
32 0.2 0.025
32 0.2 0.0125
32 0.2 0.0125
32 0.2 0.0125
32 0.2 0
32 0.2 0.025
32 0.2 0
32 0.2 0
32 0.2 0
32 0.2 0.025
32 0.2 0.0125
32 0.2 0.025
32 0.2 0.025
32 0.2 0
32 0.2 0.0125
32 0.2 0
32 0.2 0
32 0.2 0
32 0.2 0.025
32 0.2 0
32 0.2 0.025
32 0.2 0.0125
32 0.2 0
32 0.2 0
32 0.2 0.0125
32 0.2 0
32 0.2 0
32 0.2 0.0375
32 0.2 0.0125
32 0.2 0
32 0.2 0.025
32 0.2 0.0125
32 0.2 0
32 0.2 0.0125
32 0.2 0.0125
32 0.2 0.0125
32 0.2 0.0125
32 0.2 0
32 0.2 0.0125
32 0.2 0.0125
32 0.2 0.05
32 0.2 0
32 0.2 0
32 0.2 0
32 0.2 0.0125
32 0.2 0.0375
32 0.2 0.05
32 0.2 0.025
32 0.2 0.025
32 0.2 0.0125
32 0.2 0.025
32 0.2 0.0125
32 0.2 0.0125
32 0.2 0.025
32 0.2 0.025
32 0.2 0.0125
32 0.2 0.025
32 0.2 0.025
32 0.2 0.0125
32 0.2 0.0375
32 0.2 0.025
32 0.2 0.0125
32 0.2 0.025
32 0.2 0.025
32 0.2 0.025
32 0.2 0.0125
32 0.2 0.0125
32 0.2 0.0125
32 0.2 0.0125
32 0.2 0.0375
32 0.2 0.0125
32 0.2 0.025
32 0.2 0.025
32 0.2 0.05
32 0.2 0.0125
32 0.2 0.0125
32 0.2 0.0375
32 0.2 0.0125
32 0.2 0.05
32 0.2 0.025
32 0.2 0.0125
32 0.2 0.0375
32 0.2 0.0375
32 0.2 0.0125
32 0.2 0.0375
32 0.2 0.0375
32 0.2 0.0125
32 0.2 0.0125
32 0.2 0.0375
32 0.2 0.025
32 0.2 0.0375
32 0.2 0.0125
32 0.2 0.025
32 0.2 0.0125
32 0.2 0.0125
32 0.2 0.0125
32 0.2 0.025
32 0.2 0.025
32 0.2 0.025
32 0.2 0.0125
32 0.2 0.025
32 0.2 0.0125
32 0.2 0.0125
32 0.2 0.0125
32 0.2 0.0125
32 0.2 0.025
32 0.2 0.0125
32 0.2 0.025
32 0.2 0.0125
32 0.2 0.0375
32 0.2 0.025
32 0.2 0.0125
32 0.2 0.025
32 0.2 0.025
32 0.2 0.0125
32 0.2 0.025
32 0.2 0.025
32 0.2 0.0125
32 0.2 0.0375
32 0.2 0.025
32 0.2 0.0375
32 0.2 0.0125
32 0.2 0.025
32 0.2 0.0125
32 0.2 0.0125
32 0.2 0.025
32 0.2 0.0625
32 0.2 0.0125
32 0.2 0.025
32 0.2 0.0125
32 0.2 0.0125
32 0.2 0.025
32 0.2 0.0375
32 0.2 0.0125
32 0.2 0.025
32 0.2 0.025
32 0.2 0.0125
32 0.2 0.0125
32 0.2 0.0125
32 0.2 0.0125
32 0.2 0.025
32 0.2 0.025
32 0.2 0.025
32 0.2 0.0125
32 0.2 0.0125
32 0.2 0.0125
32 0.2 0.05
32 0.2 0.0125
32 0.2 0.025
32 0.2 0.05
32 0.2 0.0125
32 0.2 0.0125
32 0.2 0.025
32 0.2 0.0375
32 0.2 0.0375
32 0.2 0.0125
32 0.2 0.025
32 0.2 0.05
32 0.2 0.025
32 0.2 0.025
32 0.2 0.025
32 0.2 0.0125
32 0.2 0.025
32 0.2 0.0125
32 0.2 0.0375
32 0.2 0.025
32 0.2 0.025
32 0.2 0.025
32 0.2 0.0375
32 0.2 0.025
32 0.2 0.0375
32 0.2 0.025
32 0.2 0.0375
32 0.2 0.025
32 0.2 0.0375
32 0.2 0.0375
32 0.2 0.0625
32 0.2 0.0375
32 0.2 0.0375
32 0.2 0.025
32 0.2 0.025
32 0.2 0.05
32 0.2 0.025
32 0.2 0.025
32 0.2 0.025
32 0.2 0.0375
32 0.2 0.05
32 0.2 0.0375
32 0.2 0.05
32 0.2 0.0375
32 0.2 0.025
32 0.2 0.0375
32 0.2 0.0375
32 0.2 0.0375
32 0.2 0.0375
32 0.2 0.025
32 0.2 0.075
32 0.2 0.0375
32 0.2 0.0375
32 0.2 0.05
40 0.2 0
40 0.2 0.0125
40 0.2 0.0125
40 0.2 0
40 0.2 0.025
40 0.2 0.0125
40 0.2 0
40 0.2 0.0375
40 0.2 0.025
40 0.2 0.0125
40 0.2 0.025
40 0.2 0
40 0.2 0
40 0.2 0.0125
40 0.2 0.0125
40 0.2 0.0125
40 0.2 0.025
40 0.2 0.0125
40 0.2 0
40 0.2 0.0125
40 0.2 0
40 0.2 0
40 0.2 0
40 0.2 0.0125
40 0.2 0
40 0.2 0
40 0.2 0.0125
40 0.2 0
40 0.2 0.025
40 0.2 0.0125
40 0.2 0
40 0.2 0
40 0.2 0
40 0.2 0
40 0.2 0
40 0.2 0
40 0.2 0.0125
40 0.2 0
40 0.2 0.025
40 0.2 0
40 0.2 0
40 0.2 0
40 0.2 0
40 0.2 0.0125
40 0.2 0.0125
40 0.2 0
40 0.2 0.0125
40 0.2 0.0125
40 0.2 0.0375
40 0.2 0
40 0.2 0.0125
40 0.2 0
40 0.2 0.0625
40 0.2 0
40 0.2 0
40 0.2 0.0125
40 0.2 0.0125
40 0.2 0.0125
40 0.2 0
40 0.2 0
40 0.2 0
40 0.2 0
40 0.2 0
40 0.2 0
40 0.2 0
40 0.2 0
40 0.2 0
40 0.2 0.025
40 0.2 0
40 0.2 0.0375
40 0.2 0.0125
40 0.2 0.0125
40 0.2 0
40 0.2 0
40 0.2 0
40 0.2 0.0125
40 0.2 0.0125
40 0.2 0
40 0.2 0
40 0.2 0.025
40 0.2 0
40 0.2 0.0125
40 0.2 0
40 0.2 0
40 0.2 0.0125
40 0.2 0
40 0.2 0
40 0.2 0.0125
40 0.2 0.0125
40 0.2 0.025
40 0.2 0.025
40 0.2 0.025
40 0.2 0.0125
40 0.2 0.0125
40 0.2 0.025
40 0.2 0.0375
40 0.2 0.0125
40 0.2 0.0375
40 0.2 0.0125
40 0.2 0.025
40 0.2 0.0125
40 0.2 0.025
40 0.2 0.0125
40 0.2 0.05
40 0.2 0.0125
40 0.2 0.025
40 0.2 0.025
40 0.2 0.0125
40 0.2 0.0125
40 0.2 0.0125
40 0.2 0.025
40 0.2 0.0125
40 0.2 0.0125
40 0.2 0.025
40 0.2 0.025
40 0.2 0.025
40 0.2 0.0125
40 0.2 0.0125
40 0.2 0.0125
40 0.2 0.0125
40 0.2 0.025
40 0.2 0.0125
40 0.2 0.025
40 0.2 0.025
40 0.2 0.0125
40 0.2 0.0125
40 0.2 0.025
40 0.2 0.0125
40 0.2 0.0375
40 0.2 0.0375
40 0.2 0.0375
40 0.2 0.025
40 0.2 0.0125
40 0.2 0.0125
40 0.2 0.0125
40 0.2 0.0125
40 0.2 0.025
40 0.2 0.0125
40 0.2 0.025
40 0.2 0.025
40 0.2 0.0125
40 0.2 0.0125
40 0.2 0.0125
40 0.2 0.0125
40 0.2 0.0125
40 0.2 0.025
40 0.2 0.0125
40 0.2 0.0125
40 0.2 0.025
40 0.2 0.0125
40 0.2 0.0125
40 0.2 0.0125
40 0.2 0.025
40 0.2 0.025
40 0.2 0.0125
40 0.2 0.05
40 0.2 0.0125
40 0.2 0.025
40 0.2 0.0125
40 0.2 0.025
40 0.2 0.05
40 0.2 0.025
40 0.2 0.0125
40 0.2 0.0125
40 0.2 0.0125
40 0.2 0.0125
40 0.2 0.0125
40 0.2 0.025
40 0.2 0.0125
40 0.2 0.0125
40 0.2 0.025
40 0.2 0.025
40 0.2 0.0125
40 0.2 0.025
40 0.2 0.0375
40 0.2 0.0375
40 0.2 0.0125
40 0.2 0.025
40 0.2 0.05
40 0.2 0.025
40 0.2 0.0125
40 0.2 0.0375
40 0.2 0.0125
40 0.2 0.025
40 0.2 0.0125
40 0.2 0.025
40 0.2 0.0125
40 0.2 0.0125
40 0.2 0.0375
40 0.2 0.0125
40 0.2 0.0125
40 0.2 0.0125
40 0.2 0.025
40 0.2 0.0125
40 0.2 0.0375
40 0.2 0.025
40 0.2 0.0375
40 0.2 0.0375
40 0.2 0.05
40 0.2 0.025
40 0.2 0.0375
40 0.2 0.0375
40 0.2 0.025
40 0.2 0.05
40 0.2 0.0375
40 0.2 0.025
40 0.2 0.025
40 0.2 0.05
40 0.2 0.0375
40 0.2 0.05
40 0.2 0.0375
40 0.2 0.0375
40 0.2 0.025
40 0.2 0.025
40 0.2 0.025
40 0.2 0.0375
40 0.2 0.0375
40 0.2 0.05
40 0.2 0.025
40 0.2 0.05
40 0.2 0.0375
40 0.2 0.0375
40 0.2 0.025
40 0.2 0.0375
40 0.2 0.05
40 0.2 0.0375
40 0.2 0.05
40 0.2 0.0375
40 0.2 0.0625
40 0.2 0.0375
40 0.2 0.0375
40 0.2 0.0375
40 0.2 0.025
40 0.2 0.05
40 0.2 0.0375
40 0.2 0.05
40 0.2 0.0625
40 0.2 0.0625
40 0.2 0.0625
40 0.2 0.075
