10 0.3 0.458333
10 0.3 0.458333
10 0.3 0.458333
10 0.3 0.458333
10 0.3 0.333333
10 0.3 0.541667
10 0.3 0.625
10 0.3 0.583333
10 0.3 0.416667
10 0.3 0.416667
10 0.3 0.375
10 0.3 0.416667
10 0.3 0.458333
10 0.3 0.541667
10 0.3 0.458333
10 0.3 0.416667
10 0.3 0.375
10 0.3 0.541667
10 0.3 0.541667
10 0.3 0.458333
10 0.3 0.5
10 0.3 0.375
10 0.3 0.333333
10 0.3 0.541667
10 0.3 0.458333
10 0.3 0.333333
10 0.3 0.625
10 0.3 0.333333
10 0.3 0.375
10 0.3 0.5
10 0.3 0.583333
10 0.3 0.625
10 0.3 0.458333
10 0.3 0.5
10 0.3 0.583333
10 0.3 0.541667
10 0.3 0.458333
10 0.3 0.541667
10 0.3 0.5
10 0.3 0.416667
10 0.3 0.416667
10 0.3 0.541667
10 0.3 0.5
10 0.3 0.416667
10 0.3 0.583333
10 0.3 0.458333
10 0.3 0.375
10 0.3 0.5
10 0.3 0.458333
10 0.3 0.375
10 0.3 0.5
10 0.3 0.541667
10 0.3 0.541667
10 0.3 0.416667
10 0.3 0.5
10 0.3 0.375
10 0.3 0.5
10 0.3 0.583333
10 0.3 0.416667
10 0.3 0.458333
10 0.3 0.5
10 0.3 0.416667
10 0.3 0.5
10 0.3 0.375
10 0.3 0.458333
10 0.3 0.416667
10 0.3 0.375
10 0.3 0.458333
10 0.3 0.416667
10 0.3 0.458333
10 0.3 0.583333
10 0.3 0.416667
10 0.3 0.5
10 0.3 0.375
10 0.3 0.583333
10 0.3 0.458333
10 0.3 0.541667
10 0.3 0.5
10 0.3 0.5
10 0.3 0.416667
10 0.3 0.5
10 0.3 0.541667
10 0.3 0.541667
10 0.3 0.541667
10 0.3 0.5
10 0.3 0.541667
10 0.3 0.5
10 0.3 0.5
10 0.3 0.458333
10 0.3 0.5
10 0.3 0.458333
10 0.3 0.5
10 0.3 0.458333
10 0.3 0.5
10 0.3 0.541667
10 0.3 0.458333
10 0.3 0.541667
10 0.3 0.583333
10 0.3 0.541667
10 0.3 0.458333
10 0.3 0.541667
10 0.3 0.416667
10 0.3 0.5
10 0.3 0.458333
10 0.3 0.416667
10 0.3 0.583333
10 0.3 0.541667
10 0.3 0.458333
10 0.3 0.375
10 0.3 0.583333
10 0.3 0.458333
10 0.3 0.375
10 0.3 0.5
10 0.3 0.541667
10 0.3 0.541667
10 0.3 0.375
10 0.3 0.375
10 0.3 0.458333
10 0.3 0.416667
10 0.3 0.541667
10 0.3 0.458333
10 0.3 0.583333
10 0.3 0.458333
10 0.3 0.416667
10 0.3 0.458333
10 0.3 0.416667
10 0.3 0.458333
10 0.3 0.541667
10 0.3 0.583333
10 0.3 0.5
10 0.3 0.5
10 0.3 0.666667
10 0.3 0.583333
10 0.3 0.416667
10 0.3 0.458333
10 0.3 0.541667
10 0.3 0.458333
10 0.3 0.458333
10 0.3 0.458333
10 0.3 0.375
10 0.3 0.541667
10 0.3 0.541667
10 0.3 0.416667
10 0.3 0.458333
10 0.3 0.541667
10 0.3 0.333333
10 0.3 0.541667
10 0.3 0.625
10 0.3 0.5
10 0.3 0.333333
10 0.3 0.458333
10 0.3 0.5
10 0.3 0.458333
10 0.3 0.416667
10 0.3 0.458333
10 0.3 0.541667
10 0.3 0.458333
10 0.3 0.5
10 0.3 0.625
10 0.3 0.583333
10 0.3 0.583333
10 0.3 0.666667
10 0.3 0.458333
10 0.3 0.458333
10 0.3 0.458333
10 0.3 0.375
10 0.3 0.583333
10 0.3 0.541667
10 0.3 0.458333
10 0.3 0.583333
10 0.3 0.541667
10 0.3 0.5
10 0.3 0.541667
10 0.3 0.458333
10 0.3 0.5
10 0.3 0.583333
10 0.3 0.416667
10 0.3 0.541667
10 0.3 0.375
10 0.3 0.625
10 0.3 0.541667
10 0.3 0.375
10 0.3 0.625
10 0.3 0.458333
10 0.3 0.541667
10 0.3 0.416667
10 0.3 0.375
10 0.3 0.458333
10 0.3 0.541667
10 0.3 0.541667
10 0.3 0.583333
10 0.3 0.5
10 0.3 0.5
10 0.3 0.375
10 0.3 0.583333
10 0.3 0.583333
10 0.3 0.583333
10 0.3 0.458333
10 0.3 0.625
10 0.3 0.416667
10 0.3 0.458333
10 0.3 0.5
10 0.3 0.458333
10 0.3 0.416667
10 0.3 0.625
10 0.3 0.416667
10 0.3 0.458333
10 0.3 0.5
10 0.3 0.375
10 0.3 0.583333
10 0.3 0.541667
10 0.3 0.458333
10 0.3 0.625
10 0.3 0.583333
10 0.3 0.458333
10 0.3 0.583333
10 0.3 0.458333
10 0.3 0.458333
10 0.3 0.375
10 0.3 0.333333
10 0.3 0.416667
10 0.3 0.416667
10 0.3 0.375
10 0.3 0.458333
10 0.3 0.375
10 0.3 0.458333
10 0.3 0.458333
10 0.3 0.541667
10 0.3 0.5
10 0.3 0.458333
10 0.3 0.375
10 0.3 0.375
10 0.3 0.416667
10 0.3 0.5
10 0.3 0.333333
10 0.3 0.583333
10 0.3 0.5
10 0.3 0.458333
10 0.3 0.458333
10 0.3 0.458333
10 0.3 0.583333
10 0.3 0.541667
10 0.3 0.333333
10 0.3 0.5
10 0.3 0.375
10 0.3 0.5
10 0.3 0.583333
10 0.3 0.541667
10 0.3 0.416667
10 0.3 0.541667
10 0.3 0.458333
10 0.3 0.583333
10 0.3 0.291667
10 0.3 0.291667
10 0.3 0.5
10 0.3 0.583333
10 0.3 0.458333
10 0.3 0.5
10 0.3 0.5
10 0.3 0.541667
10 0.3 0.416667
10 0.3 0.541667
10 0.3 0.458333
10 0.3 0.625
10 0.3 0.5
10 0.3 0.583333
10 0.3 0.416667
10 0.3 0.375
10 0.3 0.541667
10 0.3 0.458333
10 0.3 0.416667
10 0.3 0.5
10 0.3 0.458333
10 0.3 0.458333
10 0.3 0.5
10 0.3 0.583333
10 0.3 0.625
10 0.3 0.458333
10 0.3 0.458333
10 0.3 0.541667
10 0.3 0.416667
10 0.3 0.666667
10 0.3 0.416667
10 0.3 0.458333
10 0.3 0.583333
10 0.3 0.583333
10 0.3 0.5
10 0.3 0.583333
10 0.3 0.5
10 0.3 0.416667
10 0.3 0.416667
10 0.3 0.291667
10 0.3 0.5
10 0.3 0.5
10 0.3 0.5
10 0.3 0.541667
10 0.3 0.458333
10 0.3 0.416667
10 0.3 0.458333
10 0.3 0.416667
10 0.3 0.5
10 0.3 0.5
10 0.3 0.458333
10 0.3 0.416667
10 0.3 0.666667
10 0.3 0.375
10 0.3 0.458333
10 0.3 0.458333
10 0.3 0.625
10 0.3 0.625
10 0.3 0.541667
10 0.3 0.5
10 0.3 0.583333
10 0.3 0.541667
10 0.3 0.416667
10 0.3 0.541667
10 0.3 0.5
10 0.3 0.583333
10 0.3 0.458333
10 0.3 0.458333
10 0.3 0.458333
10 0.3 0.5
10 0.3 0.458333
10 0.3 0.541667
10 0.3 0.541667
10 0.3 0.541667
10 0.3 0.5
10 0.3 0.5
10 0.3 0.625
10 0.3 0.583333
10 0.3 0.666667
10 0.3 0.458333
10 0.3 0.583333
10 0.3 0.541667
10 0.3 0.583333
10 0.3 0.458333
10 0.3 0.5
10 0.3 0.5
10 0.3 0.416667
10 0.3 0.458333
10 0.3 0.458333
10 0.3 0.583333
10 0.3 0.541667
10 0.3 0.458333
10 0.3 0.458333
10 0.3 0.541667
10 0.3 0.458333
10 0.3 0.5
10 0.3 0.416667
10 0.3 0.5
10 0.3 0.5
10 0.3 0.583333
10 0.3 0.5
10 0.3 0.541667
10 0.3 0.541667
10 0.3 0.625
10 0.3 0.5
10 0.3 0.5
10 0.3 0.375
10 0.3 0.458333
12 0.3 0.416667
12 0.3 0.375
12 0.3 0.375
12 0.3 0.416667
12 0.3 0.333333
12 0.3 0.458333
12 0.3 0.458333
12 0.3 0.458333
12 0.3 0.25
12 0.3 0.458333
12 0.3 0.541667
12 0.3 0.416667
12 0.3 0.375
12 0.3 0.416667
12 0.3 0.416667
12 0.3 0.375
12 0.3 0.25
12 0.3 0.375
12 0.3 0.375
12 0.3 0.541667
12 0.3 0.333333
12 0.3 0.416667
12 0.3 0.208333
12 0.3 0.5
12 0.3 0.291667
12 0.3 0.416667
12 0.3 0.291667
12 0.3 0.333333
12 0.3 0.375
12 0.3 0.583333
12 0.3 0.375
12 0.3 0.541667
12 0.3 0.416667
12 0.3 0.458333
12 0.3 0.5
12 0.3 0.5
12 0.3 0.375
12 0.3 0.375
12 0.3 0.583333
12 0.3 0.333333
12 0.3 0.416667
12 0.3 0.541667
12 0.3 0.416667
12 0.3 0.208333
12 0.3 0.5
12 0.3 0.333333
12 0.3 0.416667
12 0.3 0.541667
12 0.3 0.416667
12 0.3 0.541667
12 0.3 0.541667
12 0.3 0.416667
12 0.3 0.375
12 0.3 0.291667
12 0.3 0.541667
12 0.3 0.333333
12 0.3 0.291667
12 0.3 0.416667
12 0.3 0.333333
12 0.3 0.375
12 0.3 0.375
12 0.3 0.375
12 0.3 0.375
12 0.3 0.375
12 0.3 0.458333
12 0.3 0.416667
12 0.3 0.5
12 0.3 0.416667
12 0.3 0.375
12 0.3 0.375
12 0.3 0.541667
12 0.3 0.458333
12 0.3 0.458333
12 0.3 0.458333
12 0.3 0.333333
12 0.3 0.375
12 0.3 0.375
12 0.3 0.333333
12 0.3 0.416667
12 0.3 0.416667
12 0.3 0.416667
12 0.3 0.375
12 0.3 0.333333
12 0.3 0.541667
12 0.3 0.458333
12 0.3 0.291667
12 0.3 0.166667
12 0.3 0.375
12 0.3 0.5
12 0.3 0.416667
12 0.3 0.375
12 0.3 0.458333
12 0.3 0.291667
12 0.3 0.416667
12 0.3 0.416667
12 0.3 0.375
12 0.3 0.333333
12 0.3 0.375
12 0.3 0.458333
12 0.3 0.375
12 0.3 0.458333
12 0.3 0.333333
12 0.3 0.375
12 0.3 0.5
12 0.3 0.416667
12 0.3 0.291667
12 0.3 0.291667
12 0.3 0.375
12 0.3 0.541667
12 0.3 0.333333
12 0.3 0.416667
12 0.3 0.208333
12 0.3 0.375
12 0.3 0.5
12 0.3 0.416667
12 0.3 0.458333
12 0.3 0.458333
12 0.3 0.375
12 0.3 0.416667
12 0.3 0.333333
12 0.3 0.458333
12 0.3 0.25
12 0.3 0.458333
12 0.3 0.416667
12 0.3 0.458333
12 0.3 0.333333
12 0.3 0.5
12 0.3 0.375
12 0.3 0.458333
12 0.3 0.416667
12 0.3 0.333333
12 0.3 0.541667
12 0.3 0.333333
12 0.3 0.333333
12 0.3 0.375
12 0.3 0.375
12 0.3 0.375
12 0.3 0.291667
12 0.3 0.416667
12 0.3 0.375
12 0.3 0.291667
12 0.3 0.5
12 0.3 0.333333
12 0.3 0.375
12 0.3 0.458333
12 0.3 0.291667
12 0.3 0.375
12 0.3 0.208333
12 0.3 0.291667
12 0.3 0.333333
12 0.3 0.375
12 0.3 0.333333
12 0.3 0.541667
12 0.3 0.5
12 0.3 0.375
12 0.3 0.333333
12 0.3 0.333333
12 0.3 0.333333
12 0.3 0.375
12 0.3 0.416667
12 0.3 0.458333
12 0.3 0.458333
12 0.3 0.375
12 0.3 0.375
12 0.3 0.375
12 0.3 0.416667
12 0.3 0.416667
12 0.3 0.333333
12 0.3 0.333333
12 0.3 0.333333
12 0.3 0.458333
12 0.3 0.416667
12 0.3 0.25
12 0.3 0.375
12 0.3 0.333333
12 0.3 0.291667
12 0.3 0.416667
12 0.3 0.375
12 0.3 0.333333
12 0.3 0.5
12 0.3 0.458333
12 0.3 0.458333
12 0.3 0.333333
12 0.3 0.416667
12 0.3 0.416667
12 0.3 0.416667
12 0.3 0.375
12 0.3 0.458333
12 0.3 0.375
12 0.3 0.416667
12 0.3 0.458333
12 0.3 0.333333
12 0.3 0.5
12 0.3 0.5
12 0.3 0.375
12 0.3 0.375
12 0.3 0.375
12 0.3 0.458333
12 0.3 0.5
12 0.3 0.416667
12 0.3 0.458333
12 0.3 0.458333
12 0.3 0.375
12 0.3 0.625
12 0.3 0.416667
12 0.3 0.375
12 0.3 0.375
12 0.3 0.458333
12 0.3 0.416667
12 0.3 0.541667
12 0.3 0.458333
12 0.3 0.333333
12 0.3 0.458333
12 0.3 0.333333
12 0.3 0.291667
12 0.3 0.25
12 0.3 0.458333
12 0.3 0.416667
12 0.3 0.375
12 0.3 0.333333
12 0.3 0.416667
12 0.3 0.458333
12 0.3 0.333333
12 0.3 0.333333
12 0.3 0.375
12 0.3 0.416667
12 0.3 0.416667
12 0.3 0.458333
12 0.3 0.416667
12 0.3 0.333333
12 0.3 0.416667
12 0.3 0.416667
12 0.3 0.416667
12 0.3 0.416667
12 0.3 0.458333
12 0.3 0.458333
12 0.3 0.416667
12 0.3 0.416667
12 0.3 0.333333
12 0.3 0.375
12 0.3 0.416667
12 0.3 0.375
12 0.3 0.5
12 0.3 0.416667
12 0.3 0.541667
12 0.3 0.458333
12 0.3 0.375
12 0.3 0.375
12 0.3 0.458333
12 0.3 0.416667
12 0.3 0.291667
12 0.3 0.416667
12 0.3 0.458333
12 0.3 0.416667
12 0.3 0.458333
12 0.3 0.375
12 0.3 0.375
12 0.3 0.333333
12 0.3 0.375
12 0.3 0.291667
12 0.3 0.375
12 0.3 0.583333
12 0.3 0.5
12 0.3 0.5
12 0.3 0.375
12 0.3 0.375
12 0.3 0.5
12 0.3 0.458333
12 0.3 0.333333
12 0.3 0.291667
12 0.3 0.541667
12 0.3 0.5
12 0.3 0.416667
12 0.3 0.458333
12 0.3 0.416667
12 0.3 0.5
12 0.3 0.375
12 0.3 0.5
12 0.3 0.458333
12 0.3 0.458333
12 0.3 0.416667
12 0.3 0.416667
12 0.3 0.416667
12 0.3 0.291667
12 0.3 0.5
12 0.3 0.416667
12 0.3 0.416667
12 0.3 0.458333
12 0.3 0.541667
12 0.3 0.583333
12 0.3 0.291667
12 0.3 0.5
12 0.3 0.416667
12 0.3 0.458333
12 0.3 0.333333
12 0.3 0.416667
12 0.3 0.375
12 0.3 0.333333
12 0.3 0.333333
12 0.3 0.458333
12 0.3 0.5
12 0.3 0.5
12 0.3 0.333333
12 0.3 0.333333
12 0.3 0.333333
12 0.3 0.333333
12 0.3 0.416667
12 0.3 0.458333
12 0.3 0.458333
12 0.3 0.416667
12 0.3 0.458333
12 0.3 0.333333
12 0.3 0.375
12 0.3 0.416667
12 0.3 0.416667
12 0.3 0.458333
12 0.3 0.416667
12 0.3 0.291667
12 0.3 0.333333
12 0.3 0.458333
12 0.3 0.333333
12 0.3 0.541667
12 0.3 0.375
12 0.3 0.333333
12 0.3 0.375
12 0.3 0.375
12 0.3 0.291667
12 0.3 0.291667
12 0.3 0.333333
12 0.3 0.5
12 0.3 0.333333
12 0.3 0.541667
12 0.3 0.5
12 0.3 0.416667
12 0.3 0.416667
12 0.3 0.458333
12 0.3 0.458333
12 0.3 0.375
12 0.3 0.333333
12 0.3 0.416667
12 0.3 0.333333
12 0.3 0.375
12 0.3 0.458333
12 0.3 0.5
12 0.3 0.5
12 0.3 0.416667
12 0.3 0.333333
12 0.3 0.375
12 0.3 0.375
12 0.3 0.291667
12 0.3 0.5
12 0.3 0.458333
12 0.3 0.625
12 0.3 0.5
12 0.3 0.375
12 0.3 0.458333
12 0.3 0.416667
12 0.3 0.416667
12 0.3 0.416667
12 0.3 0.416667
20 0.3 0.208333
20 0.3 0.125
20 0.3 0.25
20 0.3 0.166667
20 0.3 0.333333
20 0.3 0.208333
20 0.3 0.375
20 0.3 0.25
20 0.3 0.291667
20 0.3 0.291667
20 0.3 0.25
20 0.3 0.291667
20 0.3 0.208333
20 0.3 0.291667
20 0.3 0.25
20 0.3 0.25
20 0.3 0.333333
20 0.3 0.208333
20 0.3 0.0833333
20 0.3 0.291667
20 0.3 0.208333
20 0.3 0.25
20 0.3 0.25
20 0.3 0.208333
20 0.3 0.25
20 0.3 0.166667
20 0.3 0.125
20 0.3 0.291667
20 0.3 0.166667
20 0.3 0.333333
20 0.3 0.333333
20 0.3 0.375
20 0.3 0.166667
20 0.3 0.333333
20 0.3 0.333333
20 0.3 0.333333
20 0.3 0.375
20 0.3 0.208333
20 0.3 0.291667
20 0.3 0.125
20 0.3 0.208333
20 0.3 0.208333
20 0.3 0.25
20 0.3 0.208333
20 0.3 0.208333
20 0.3 0.291667
20 0.3 0.25
20 0.3 0.125
20 0.3 0.125
20 0.3 0.25
20 0.3 0.333333
20 0.3 0.208333
20 0.3 0.208333
20 0.3 0.208333
20 0.3 0.208333
20 0.3 0.291667
20 0.3 0.291667
20 0.3 0.125
20 0.3 0.25
20 0.3 0.291667
20 0.3 0.25
20 0.3 0.333333
20 0.3 0.333333
20 0.3 0.291667
20 0.3 0.291667
20 0.3 0.25
20 0.3 0.291667
20 0.3 0.208333
20 0.3 0.208333
20 0.3 0.375
20 0.3 0.166667
20 0.3 0.375
20 0.3 0.375
20 0.3 0.25
20 0.3 0.166667
20 0.3 0.333333
20 0.3 0.333333
20 0.3 0.166667
20 0.3 0.166667
20 0.3 0.25
20 0.3 0.208333
20 0.3 0.25
20 0.3 0.208333
20 0.3 0.416667
20 0.3 0.208333
20 0.3 0.25
20 0.3 0.25
20 0.3 0.458333
20 0.3 0.166667
20 0.3 0.25
20 0.3 0.375
20 0.3 0.291667
20 0.3 0.25
20 0.3 0.25
20 0.3 0.25
20 0.3 0.208333
20 0.3 0.25
20 0.3 0.416667
20 0.3 0.25
20 0.3 0.25
20 0.3 0.333333
20 0.3 0.25
20 0.3 0.25
20 0.3 0.25
20 0.3 0.208333
20 0.3 0.25
20 0.3 0.333333
20 0.3 0.291667
20 0.3 0.25
20 0.3 0.291667
20 0.3 0.333333
20 0.3 0.291667
20 0.3 0.333333
20 0.3 0.25
20 0.3 0.333333
20 0.3 0.25
20 0.3 0.208333
20 0.3 0.333333
20 0.3 0.375
20 0.3 0.291667
20 0.3 0.25
20 0.3 0.375
20 0.3 0.166667
20 0.3 0.25
20 0.3 0.25
20 0.3 0.208333
20 0.3 0.416667
20 0.3 0.333333
20 0.3 0.208333
20 0.3 0.25
20 0.3 0.375
20 0.3 0.25
20 0.3 0.291667
20 0.3 0.375
20 0.3 0.375
20 0.3 0.25
20 0.3 0.291667
20 0.3 0.375
20 0.3 0.291667
20 0.3 0.208333
20 0.3 0.333333
20 0.3 0.333333
20 0.3 0.375
20 0.3 0.291667
20 0.3 0.291667
20 0.3 0.375
20 0.3 0.458333
20 0.3 0.291667
20 0.3 0.208333
20 0.3 0.166667
20 0.3 0.25
20 0.3 0.416667
20 0.3 0.416667
20 0.3 0.333333
20 0.3 0.416667
20 0.3 0.333333
20 0.3 0.375
20 0.3 0.291667
20 0.3 0.166667
20 0.3 0.291667
20 0.3 0.291667
20 0.3 0.375
20 0.3 0.333333
20 0.3 0.291667
20 0.3 0.208333
20 0.3 0.25
20 0.3 0.333333
20 0.3 0.25
20 0.3 0.25
20 0.3 0.375
20 0.3 0.291667
20 0.3 0.291667
20 0.3 0.291667
20 0.3 0.166667
20 0.3 0.291667
20 0.3 0.375
20 0.3 0.208333
20 0.3 0.291667
20 0.3 0.0833333
20 0.3 0.333333
20 0.3 0.208333
20 0.3 0.375
20 0.3 0.333333
20 0.3 0.25
20 0.3 0.208333
20 0.3 0.458333
20 0.3 0.375
20 0.3 0.375
20 0.3 0.333333
20 0.3 0.25
20 0.3 0.25
20 0.3 0.333333
20 0.3 0.416667
20 0.3 0.333333
20 0.3 0.375
20 0.3 0.416667
20 0.3 0.208333
20 0.3 0.25
20 0.3 0.375
20 0.3 0.333333
20 0.3 0.416667
20 0.3 0.333333
20 0.3 0.25
20 0.3 0.333333
20 0.3 0.25
20 0.3 0.333333
20 0.3 0.25
20 0.3 0.25
20 0.3 0.375
20 0.3 0.416667
20 0.3 0.291667
20 0.3 0.333333
20 0.3 0.208333
20 0.3 0.291667
20 0.3 0.416667
20 0.3 0.25
20 0.3 0.333333
20 0.3 0.291667
20 0.3 0.375
20 0.3 0.333333
20 0.3 0.166667
20 0.3 0.25
20 0.3 0.333333
20 0.3 0.333333
20 0.3 0.25
20 0.3 0.25
20 0.3 0.375
20 0.3 0.208333
20 0.3 0.25
20 0.3 0.208333
20 0.3 0.333333
20 0.3 0.416667
20 0.3 0.25
20 0.3 0.208333
20 0.3 0.25
20 0.3 0.375
20 0.3 0.291667
20 0.3 0.291667
20 0.3 0.25
20 0.3 0.458333
20 0.3 0.291667
20 0.3 0.333333
20 0.3 0.25
20 0.3 0.291667
20 0.3 0.291667
20 0.3 0.375
20 0.3 0.375
20 0.3 0.375
20 0.3 0.458333
20 0.3 0.208333
20 0.3 0.291667
20 0.3 0.291667
20 0.3 0.375
20 0.3 0.208333
20 0.3 0.333333
20 0.3 0.333333
20 0.3 0.333333
20 0.3 0.333333
20 0.3 0.333333
20 0.3 0.375
20 0.3 0.291667
20 0.3 0.291667
20 0.3 0.333333
20 0.3 0.208333
20 0.3 0.25
20 0.3 0.333333
20 0.3 0.291667
20 0.3 0.291667
20 0.3 0.291667
20 0.3 0.166667
20 0.3 0.291667
20 0.3 0.333333
20 0.3 0.5
20 0.3 0.458333
20 0.3 0.375
20 0.3 0.25
20 0.3 0.25
20 0.3 0.333333
20 0.3 0.333333
20 0.3 0.333333
20 0.3 0.291667
20 0.3 0.333333
20 0.3 0.25
20 0.3 0.333333
20 0.3 0.291667
20 0.3 0.458333
20 0.3 0.291667
20 0.3 0.375
20 0.3 0.208333
20 0.3 0.333333
20 0.3 0.291667
20 0.3 0.333333
20 0.3 0.25
20 0.3 0.208333
20 0.3 0.291667
20 0.3 0.458333
20 0.3 0.333333
20 0.3 0.333333
20 0.3 0.333333
20 0.3 0.333333
20 0.3 0.25
20 0.3 0.291667
20 0.3 0.333333
20 0.3 0.25
20 0.3 0.416667
20 0.3 0.416667
20 0.3 0.458333
20 0.3 0.333333
20 0.3 0.208333
20 0.3 0.291667
20 0.3 0.458333
20 0.3 0.416667
20 0.3 0.375
20 0.3 0.333333
20 0.3 0.291667
20 0.3 0.541667
20 0.3 0.291667
20 0.3 0.375
20 0.3 0.416667
20 0.3 0.333333
20 0.3 0.416667
20 0.3 0.375
20 0.3 0.375
20 0.3 0.375
20 0.3 0.375
20 0.3 0.375
20 0.3 0.416667
20 0.3 0.375
20 0.3 0.208333
20 0.3 0.291667
20 0.3 0.458333
20 0.3 0.25
20 0.3 0.458333
20 0.3 0.416667
20 0.3 0.458333
20 0.3 0.333333
20 0.3 0.291667
20 0.3 0.291667
20 0.3 0.416667
20 0.3 0.375
20 0.3 0.375
20 0.3 0.291667
20 0.3 0.375
20 0.3 0.375
20 0.3 0.416667
20 0.3 0.333333
20 0.3 0.333333
20 0.3 0.333333
20 0.3 0.458333
20 0.3 0.291667
20 0.3 0.25
20 0.3 0.416667
20 0.3 0.25
20 0.3 0.25
20 0.3 0.375
20 0.3 0.375
20 0.3 0.416667
20 0.3 0.375
20 0.3 0.375
20 0.3 0.5
28 0.3 0.166667
28 0.3 0.25
28 0.3 0.291667
28 0.3 0.25
28 0.3 0.208333
28 0.3 0.166667
28 0.3 0.0833333
28 0.3 0.125
28 0.3 0.25
28 0.3 0.333333
28 0.3 0
28 0.3 0.25
28 0.3 0.208333
28 0.3 0.208333
28 0.3 0.291667
28 0.3 0.291667
28 0.3 0.25
28 0.3 0.25
28 0.3 0.166667
28 0.3 0.125
28 0.3 0.125
28 0.3 0.291667
28 0.3 0.208333
28 0.3 0.208333
28 0.3 0.25
28 0.3 0.166667
28 0.3 0.333333
28 0.3 0.125
28 0.3 0.166667
28 0.3 0.25
28 0.3 0.291667
28 0.3 0.208333
28 0.3 0.125
28 0.3 0.291667
28 0.3 0.291667
28 0.3 0.25
28 0.3 0.291667
28 0.3 0.0833333
28 0.3 0.125
28 0.3 0.208333
28 0.3 0.166667
28 0.3 0.25
28 0.3 0.208333
28 0.3 0.208333
28 0.3 0.166667
28 0.3 0.0416667
28 0.3 0.0416667
28 0.3 0.166667
28 0.3 0.333333
28 0.3 0.291667
28 0.3 0.25
28 0.3 0.208333
28 0.3 0.25
28 0.3 0.291667
28 0.3 0.291667
28 0.3 0.25
28 0.3 0.125
28 0.3 0.25
28 0.3 0.208333
28 0.3 0.291667
28 0.3 0.166667
28 0.3 0.25
28 0.3 0.166667
28 0.3 0.125
28 0.3 0.291667
28 0.3 0.25
28 0.3 0.208333
28 0.3 0.0833333
28 0.3 0.166667
28 0.3 0.166667
28 0.3 0.25
28 0.3 0.333333
28 0.3 0.291667
28 0.3 0.291667
28 0.3 0.208333
28 0.3 0.25
28 0.3 0.291667
28 0.3 0.166667
28 0.3 0.208333
28 0.3 0.25
28 0.3 0.166667
28 0.3 0.25
28 0.3 0.208333
28 0.3 0.208333
28 0.3 0.208333
28 0.3 0.416667
28 0.3 0.291667
28 0.3 0.333333
28 0.3 0.333333
28 0.3 0.166667
28 0.3 0.291667
28 0.3 0.25
28 0.3 0.25
28 0.3 0.25
28 0.3 0.208333
28 0.3 0.166667
28 0.3 0.208333
28 0.3 0.25
28 0.3 0.333333
28 0.3 0.291667
28 0.3 0.208333
28 0.3 0.291667
28 0.3 0.166667
28 0.3 0.208333
28 0.3 0.458333
28 0.3 0.375
28 0.3 0.25
28 0.3 0.166667
28 0.3 0.208333
28 0.3 0.25
28 0.3 0.208333
28 0.3 0.166667
28 0.3 0.291667
28 0.3 0.25
28 0.3 0.375
28 0.3 0.375
28 0.3 0.166667
28 0.3 0.208333
28 0.3 0.291667
28 0.3 0.25
28 0.3 0.125
28 0.3 0.25
28 0.3 0.0833333
28 0.3 0.291667
28 0.3 0.25
28 0.3 0.25
28 0.3 0.25
28 0.3 0.25
28 0.3 0.25
28 0.3 0.375
28 0.3 0.166667
28 0.3 0.208333
28 0.3 0.333333
28 0.3 0.25
28 0.3 0.208333
28 0.3 0.25
28 0.3 0.333333
28 0.3 0.291667
28 0.3 0.291667
28 0.3 0.25
28 0.3 0.25
28 0.3 0.333333
28 0.3 0.375
28 0.3 0.291667
28 0.3 0.166667
28 0.3 0.375
28 0.3 0.166667
28 0.3 0.291667
28 0.3 0.25
28 0.3 0.208333
28 0.3 0.208333
28 0.3 0.166667
28 0.3 0.291667
28 0.3 0.291667
28 0.3 0.125
28 0.3 0.0833333
28 0.3 0.166667
28 0.3 0.291667
28 0.3 0.291667
28 0.3 0.291667
28 0.3 0.166667
28 0.3 0.333333
28 0.3 0.333333
28 0.3 0.208333
28 0.3 0.291667
28 0.3 0.333333
28 0.3 0.333333
28 0.3 0.25
28 0.3 0.333333
28 0.3 0.208333
28 0.3 0.375
28 0.3 0.25
28 0.3 0.416667
28 0.3 0.25
28 0.3 0.291667
28 0.3 0.333333
28 0.3 0.291667
28 0.3 0.25
28 0.3 0.166667
28 0.3 0.208333
28 0.3 0.25
28 0.3 0.25
28 0.3 0.25
28 0.3 0.291667
28 0.3 0.25
28 0.3 0.25
28 0.3 0.25
28 0.3 0.25
28 0.3 0.208333
28 0.3 0.333333
28 0.3 0.291667
28 0.3 0.291667
28 0.3 0.333333
28 0.3 0.291667
28 0.3 0.25
28 0.3 0.125
28 0.3 0.25
28 0.3 0.333333
28 0.3 0.208333
28 0.3 0.208333
28 0.3 0.333333
28 0.3 0.333333
28 0.3 0.375
28 0.3 0.25
28 0.3 0.208333
28 0.3 0.291667
28 0.3 0.166667
28 0.3 0.208333
28 0.3 0.333333
28 0.3 0.291667
28 0.3 0.25
28 0.3 0.375
28 0.3 0.291667
28 0.3 0.333333
28 0.3 0.291667
28 0.3 0.208333
28 0.3 0.333333
28 0.3 0.25
28 0.3 0.291667
28 0.3 0.458333
28 0.3 0.291667
28 0.3 0.166667
28 0.3 0.333333
28 0.3 0.333333
28 0.3 0.291667
28 0.3 0.333333
28 0.3 0.25
28 0.3 0.375
28 0.3 0.333333
28 0.3 0.25
28 0.3 0.166667
28 0.3 0.25
28 0.3 0.375
28 0.3 0.333333
28 0.3 0.166667
28 0.3 0.291667
28 0.3 0.25
28 0.3 0.25
28 0.3 0.291667
28 0.3 0.25
28 0.3 0.25
28 0.3 0.291667
28 0.3 0.25
28 0.3 0.291667
28 0.3 0.208333
28 0.3 0.25
28 0.3 0.25
28 0.3 0.166667
28 0.3 0.25
28 0.3 0.25
28 0.3 0.166667
28 0.3 0.208333
28 0.3 0.208333
28 0.3 0.166667
28 0.3 0.333333
28 0.3 0.291667
28 0.3 0.291667
28 0.3 0.375
28 0.3 0.25
28 0.3 0.333333
28 0.3 0.291667
28 0.3 0.291667
28 0.3 0.333333
28 0.3 0.25
28 0.3 0.375
28 0.3 0.291667
28 0.3 0.291667
28 0.3 0.333333
28 0.3 0.291667
28 0.3 0.291667
28 0.3 0.291667
28 0.3 0.208333
28 0.3 0.416667
28 0.3 0.208333
28 0.3 0.291667
28 0.3 0.375
28 0.3 0.208333
28 0.3 0.333333
28 0.3 0.333333
28 0.3 0.25
28 0.3 0.291667
28 0.3 0.416667
28 0.3 0.291667
28 0.3 0.208333
28 0.3 0.375
28 0.3 0.375
28 0.3 0.25
28 0.3 0.166667
28 0.3 0.208333
28 0.3 0.208333
28 0.3 0.333333
28 0.3 0.333333
28 0.3 0.333333
28 0.3 0.208333
28 0.3 0.291667
28 0.3 0.291667
28 0.3 0.25
28 0.3 0.291667
28 0.3 0.291667
28 0.3 0.291667
28 0.3 0.333333
28 0.3 0.291667
28 0.3 0.333333
28 0.3 0.25
28 0.3 0.375
28 0.3 0.25
28 0.3 0.291667
28 0.3 0.333333
28 0.3 0.291667
28 0.3 0.208333
28 0.3 0.333333
28 0.3 0.333333
28 0.3 0.291667
28 0.3 0.375
28 0.3 0.416667
28 0.3 0.25
28 0.3 0.333333
28 0.3 0.291667
28 0.3 0.25
28 0.3 0.333333
28 0.3 0.208333
28 0.3 0.333333
28 0.3 0.375
28 0.3 0.375
28 0.3 0.166667
28 0.3 0.25
28 0.3 0.25
28 0.3 0.375
28 0.3 0.416667
28 0.3 0.333333
28 0.3 0.375
28 0.3 0.375
28 0.3 0.333333
28 0.3 0.208333
28 0.3 0.375
28 0.3 0.291667
28 0.3 0.291667
28 0.3 0.375
28 0.3 0.333333
28 0.3 0.375
28 0.3 0.333333
28 0.3 0.291667
28 0.3 0.375
28 0.3 0.375
28 0.3 0.333333
28 0.3 0.375
28 0.3 0.291667
28 0.3 0.333333
28 0.3 0.333333
28 0.3 0.416667
28 0.3 0.458333
28 0.3 0.333333
28 0.3 0.375
28 0.3 0.333333
28 0.3 0.416667
28 0.3 0.375
28 0.3 0.5
28 0.3 0.375
28 0.3 0.333333
28 0.3 0.375
36 0.3 0.0833333
36 0.3 0.208333
36 0.3 0.0833333
36 0.3 0.0833333
36 0.3 0.291667
36 0.3 0.125
36 0.3 0.25
36 0.3 0.166667
36 0.3 0.25
36 0.3 0.25
36 0.3 0.125
36 0.3 0.0833333
36 0.3 0.208333
36 0.3 0.291667
36 0.3 0.25
36 0.3 0.125
36 0.3 0.25
36 0.3 0.25
36 0.3 0.25
36 0.3 0.208333
36 0.3 0.166667
36 0.3 0.125
36 0.3 0.25
36 0.3 0.208333
36 0.3 0.208333
36 0.3 0.166667
36 0.3 0.125
36 0.3 0.0833333
36 0.3 0.25
36 0.3 0.208333
36 0.3 0.208333
36 0.3 0.208333
36 0.3 0.166667
36 0.3 0.333333
36 0.3 0.208333
36 0.3 0.166667
36 0.3 0.208333
36 0.3 0.333333
36 0.3 0.208333
36 0.3 0.166667
36 0.3 0.375
36 0.3 0.208333
36 0.3 0.166667
36 0.3 0.25
36 0.3 0.0833333
36 0.3 0.25
36 0.3 0.208333
36 0.3 0.208333
36 0.3 0.291667
36 0.3 0.25
36 0.3 0.291667
36 0.3 0.208333
36 0.3 0.208333
36 0.3 0.208333
36 0.3 0.375
36 0.3 0.166667
36 0.3 0.166667
36 0.3 0.166667
36 0.3 0.125
36 0.3 0.208333
36 0.3 0.208333
36 0.3 0.166667
36 0.3 0.208333
36 0.3 0.25
36 0.3 0.375
36 0.3 0.208333
36 0.3 0.166667
36 0.3 0.375
36 0.3 0.375
36 0.3 0.208333
36 0.3 0.25
36 0.3 0.25
36 0.3 0.291667
36 0.3 0.166667
36 0.3 0.291667
36 0.3 0.208333
36 0.3 0.291667
36 0.3 0.25
36 0.3 0.375
36 0.3 0.25
36 0.3 0.333333
36 0.3 0.166667
36 0.3 0.25
36 0.3 0.291667
36 0.3 0.125
36 0.3 0.208333
36 0.3 0.166667
36 0.3 0.375
36 0.3 0.291667
36 0.3 0.166667
36 0.3 0.208333
36 0.3 0.125
36 0.3 0.25
36 0.3 0.291667
36 0.3 0.25
36 0.3 0.291667
36 0.3 0.25
36 0.3 0.0833333
36 0.3 0.333333
36 0.3 0.125
36 0.3 0.291667
36 0.3 0.291667
36 0.3 0.25
36 0.3 0.208333
36 0.3 0.208333
36 0.3 0.333333
36 0.3 0.375
36 0.3 0.25
36 0.3 0.25
36 0.3 0.333333
36 0.3 0.333333
36 0.3 0.166667
36 0.3 0.208333
36 0.3 0.375
36 0.3 0.25
36 0.3 0.375
36 0.3 0.25
36 0.3 0.208333
36 0.3 0.291667
36 0.3 0.208333
36 0.3 0.333333
36 0.3 0.291667
36 0.3 0.208333
36 0.3 0.166667
36 0.3 0.166667
36 0.3 0.25
36 0.3 0.166667
36 0.3 0.333333
36 0.3 0.208333
36 0.3 0.25
36 0.3 0.291667
36 0.3 0.25
36 0.3 0.25
36 0.3 0.166667
36 0.3 0.125
36 0.3 0.25
36 0.3 0.25
36 0.3 0.291667
36 0.3 0.333333
36 0.3 0.291667
36 0.3 0.166667
36 0.3 0.208333
36 0.3 0.166667
36 0.3 0.25
36 0.3 0.291667
36 0.3 0.208333
36 0.3 0.208333
36 0.3 0.125
36 0.3 0.208333
36 0.3 0.291667
36 0.3 0.25
36 0.3 0.333333
36 0.3 0.291667
36 0.3 0.25
36 0.3 0.125
36 0.3 0.25
36 0.3 0.166667
36 0.3 0.166667
36 0.3 0.291667
36 0.3 0.25
36 0.3 0.291667
36 0.3 0.333333
36 0.3 0.25
36 0.3 0.291667
36 0.3 0.208333
36 0.3 0.291667
36 0.3 0.291667
36 0.3 0.416667
36 0.3 0.25
36 0.3 0.458333
36 0.3 0.333333
36 0.3 0.416667
36 0.3 0.25
36 0.3 0.25
36 0.3 0.166667
36 0.3 0.208333
36 0.3 0.208333
36 0.3 0.125
36 0.3 0.375
36 0.3 0.25
36 0.3 0.291667
36 0.3 0.291667
36 0.3 0.291667
36 0.3 0.25
36 0.3 0.166667
36 0.3 0.291667
36 0.3 0.375
36 0.3 0.25
36 0.3 0.291667
36 0.3 0.208333
36 0.3 0.333333
36 0.3 0.25
36 0.3 0.333333
36 0.3 0.25
36 0.3 0.25
36 0.3 0.125
36 0.3 0.458333
36 0.3 0.291667
36 0.3 0.25
36 0.3 0.125
36 0.3 0.291667
36 0.3 0.375
36 0.3 0.25
36 0.3 0.25
36 0.3 0.375
36 0.3 0.291667
36 0.3 0.291667
36 0.3 0.166667
36 0.3 0.291667
36 0.3 0.458333
36 0.3 0.25
36 0.3 0.333333
36 0.3 0.375
36 0.3 0.25
36 0.3 0.333333
36 0.3 0.25
36 0.3 0.291667
36 0.3 0.25
36 0.3 0.375
36 0.3 0.208333
36 0.3 0.208333
36 0.3 0.291667
36 0.3 0.25
36 0.3 0.333333
36 0.3 0.291667
36 0.3 0.333333
36 0.3 0.208333
36 0.3 0.208333
36 0.3 0.25
36 0.3 0.25
36 0.3 0.166667
36 0.3 0.208333
36 0.3 0.333333
36 0.3 0.25
36 0.3 0.333333
36 0.3 0.375
36 0.3 0.375
36 0.3 0.291667
36 0.3 0.375
36 0.3 0.333333
36 0.3 0.25
36 0.3 0.25
36 0.3 0.291667
36 0.3 0.25
36 0.3 0.333333
36 0.3 0.291667
36 0.3 0.333333
36 0.3 0.208333
36 0.3 0.291667
36 0.3 0.25
36 0.3 0.333333
36 0.3 0.416667
36 0.3 0.291667
36 0.3 0.333333
36 0.3 0.291667
36 0.3 0.375
36 0.3 0.416667
36 0.3 0.375
36 0.3 0.166667
36 0.3 0.25
36 0.3 0.208333
36 0.3 0.166667
36 0.3 0.208333
36 0.3 0.291667
36 0.3 0.291667
36 0.3 0.166667
36 0.3 0.291667
36 0.3 0.208333
36 0.3 0.291667
36 0.3 0.333333
36 0.3 0.375
36 0.3 0.25
36 0.3 0.208333
36 0.3 0.208333
36 0.3 0.25
36 0.3 0.375
36 0.3 0.208333
36 0.3 0.25
36 0.3 0.333333
36 0.3 0.375
36 0.3 0.416667
36 0.3 0.208333
36 0.3 0.375
36 0.3 0.25
36 0.3 0.25
36 0.3 0.291667
36 0.3 0.375
36 0.3 0.333333
36 0.3 0.416667
36 0.3 0.291667
36 0.3 0.25
36 0.3 0.375
36 0.3 0.291667
36 0.3 0.333333
36 0.3 0.333333
36 0.3 0.416667
36 0.3 0.333333
36 0.3 0.291667
36 0.3 0.333333
36 0.3 0.416667
36 0.3 0.375
36 0.3 0.208333
36 0.3 0.333333
36 0.3 0.333333
36 0.3 0.333333
36 0.3 0.25
36 0.3 0.375
36 0.3 0.291667
36 0.3 0.333333
36 0.3 0.333333
36 0.3 0.291667
36 0.3 0.333333
36 0.3 0.208333
36 0.3 0.333333
36 0.3 0.291667
36 0.3 0.291667
36 0.3 0.333333
36 0.3 0.291667
36 0.3 0.25
36 0.3 0.333333
36 0.3 0.375
36 0.3 0.25
36 0.3 0.333333
36 0.3 0.25
36 0.3 0.333333
36 0.3 0.291667
36 0.3 0.375
36 0.3 0.291667
36 0.3 0.375
36 0.3 0.333333
36 0.3 0.375
36 0.3 0.333333
36 0.3 0.25
36 0.3 0.416667
36 0.3 0.333333
36 0.3 0.25
36 0.3 0.291667
36 0.3 0.375
36 0.3 0.375
36 0.3 0.375
36 0.3 0.25
36 0.3 0.375
36 0.3 0.25
36 0.3 0.333333
36 0.3 0.291667
36 0.3 0.291667
36 0.3 0.208333
36 0.3 0.375
36 0.3 0.25
36 0.3 0.291667
36 0.3 0.333333
36 0.3 0.333333
36 0.3 0.375
36 0.3 0.375
36 0.3 0.333333
36 0.3 0.333333
36 0.3 0.333333
36 0.3 0.416667
36 0.3 0.416667
36 0.3 0.375
44 0.3 0.208333
44 0.3 0.0416667
44 0.3 0.0416667
44 0.3 0.208333
44 0.3 0
44 0.3 0.125
44 0.3 0.208333
44 0.3 0.0833333
44 0.3 0.0833333
44 0.3 0.208333
44 0.3 0.166667
44 0.3 0.291667
44 0.3 0.333333
44 0.3 0.208333
44 0.3 0.125
44 0.3 0.25
44 0.3 0.208333
44 0.3 0.166667
44 0.3 0.0833333
44 0.3 0.166667
44 0.3 0.208333
44 0.3 0.125
44 0.3 0.166667
44 0.3 0.333333
44 0.3 0.0833333
44 0.3 0.166667
44 0.3 0.166667
44 0.3 0.208333
44 0.3 0.208333
44 0.3 0.25
44 0.3 0.208333
44 0.3 0.125
44 0.3 0.166667
44 0.3 0.208333
44 0.3 0.208333
44 0.3 0.0833333
44 0.3 0.125
44 0.3 0.166667
44 0.3 0.125
44 0.3 0.0833333
44 0.3 0.25
44 0.3 0.375
44 0.3 0.208333
44 0.3 0.166667
44 0.3 0.208333
44 0.3 0.166667
44 0.3 0.125
44 0.3 0.166667
44 0.3 0.291667
44 0.3 0.166667
44 0.3 0.166667
44 0.3 0.25
44 0.3 0.25
44 0.3 0.125
44 0.3 0.208333
44 0.3 0.208333
44 0.3 0.25
44 0.3 0.166667
44 0.3 0.25
44 0.3 0.208333
44 0.3 0.166667
44 0.3 0.208333
44 0.3 0.208333
44 0.3 0.291667
44 0.3 0.208333
44 0.3 0.125
44 0.3 0.333333
44 0.3 0.25
44 0.3 0.25
44 0.3 0.208333
44 0.3 0.25
44 0.3 0.25
44 0.3 0.291667
44 0.3 0.208333
44 0.3 0.25
44 0.3 0.125
44 0.3 0.291667
44 0.3 0.333333
44 0.3 0.333333
44 0.3 0.25
44 0.3 0.25
44 0.3 0.333333
44 0.3 0.333333
44 0.3 0.333333
44 0.3 0.25
44 0.3 0.291667
44 0.3 0.208333
44 0.3 0.166667
44 0.3 0.166667
44 0.3 0.125
44 0.3 0.291667
44 0.3 0.166667
44 0.3 0.25
44 0.3 0.208333
44 0.3 0.25
44 0.3 0.291667
44 0.3 0.208333
44 0.3 0.25
44 0.3 0.291667
44 0.3 0.25
44 0.3 0.25
44 0.3 0.166667
44 0.3 0.208333
44 0.3 0.291667
44 0.3 0.125
44 0.3 0.166667
44 0.3 0.25
44 0.3 0.166667
44 0.3 0.208333
44 0.3 0.291667
44 0.3 0.208333
44 0.3 0.208333
44 0.3 0.125
44 0.3 0.25
44 0.3 0.208333
44 0.3 0.166667
44 0.3 0.125
44 0.3 0.166667
44 0.3 0.208333
44 0.3 0.25
44 0.3 0.166667
44 0.3 0.208333
44 0.3 0.208333
44 0.3 0.208333
44 0.3 0.208333
44 0.3 0.291667
44 0.3 0.25
44 0.3 0.208333
44 0.3 0.208333
44 0.3 0.333333
44 0.3 0.291667
44 0.3 0.375
44 0.3 0.291667
44 0.3 0.25
44 0.3 0.291667
44 0.3 0.166667
44 0.3 0.208333
44 0.3 0.25
44 0.3 0.208333
44 0.3 0.166667
44 0.3 0.166667
44 0.3 0.166667
44 0.3 0.291667
44 0.3 0.25
44 0.3 0.333333
44 0.3 0.208333
44 0.3 0.333333
44 0.3 0.291667
44 0.3 0.291667
44 0.3 0.125
44 0.3 0.208333
44 0.3 0.208333
44 0.3 0.333333
44 0.3 0.291667
44 0.3 0.25
44 0.3 0.208333
44 0.3 0.208333
44 0.3 0.166667
44 0.3 0.291667
44 0.3 0.375
44 0.3 0.25
44 0.3 0.291667
44 0.3 0.25
44 0.3 0.208333
44 0.3 0.166667
44 0.3 0.291667
44 0.3 0.166667
44 0.3 0.208333
44 0.3 0.25
44 0.3 0.25
44 0.3 0.125
44 0.3 0.208333
44 0.3 0.291667
44 0.3 0.333333
44 0.3 0.208333
44 0.3 0.291667
44 0.3 0.208333
44 0.3 0.25
44 0.3 0.375
44 0.3 0.333333
44 0.3 0.166667
44 0.3 0.166667
44 0.3 0.208333
44 0.3 0.291667
44 0.3 0.208333
44 0.3 0.208333
44 0.3 0.208333
44 0.3 0.291667
44 0.3 0.291667
44 0.3 0.208333
44 0.3 0.333333
44 0.3 0.25
44 0.3 0.333333
44 0.3 0.25
44 0.3 0.416667
44 0.3 0.291667
44 0.3 0.25
44 0.3 0.375
44 0.3 0.166667
44 0.3 0.25
44 0.3 0.333333
44 0.3 0.166667
44 0.3 0.166667
44 0.3 0.291667
44 0.3 0.333333
44 0.3 0.208333
44 0.3 0.333333
44 0.3 0.208333
44 0.3 0.375
44 0.3 0.333333
44 0.3 0.25
44 0.3 0.208333
44 0.3 0.208333
44 0.3 0.125
44 0.3 0.208333
44 0.3 0.291667
44 0.3 0.25
44 0.3 0.333333
44 0.3 0.25
44 0.3 0.208333
44 0.3 0.25
44 0.3 0.208333
44 0.3 0.25
44 0.3 0.25
44 0.3 0.208333
44 0.3 0.291667
44 0.3 0.416667
44 0.3 0.208333
44 0.3 0.291667
44 0.3 0.375
44 0.3 0.333333
44 0.3 0.333333
44 0.3 0.333333
44 0.3 0.375
44 0.3 0.208333
44 0.3 0.25
44 0.3 0.375
44 0.3 0.166667
44 0.3 0.25
44 0.3 0.25
44 0.3 0.166667
44 0.3 0.291667
44 0.3 0.291667
44 0.3 0.25
44 0.3 0.25
44 0.3 0.375
44 0.3 0.291667
44 0.3 0.291667
44 0.3 0.333333
44 0.3 0.333333
44 0.3 0.375
44 0.3 0.291667
44 0.3 0.25
44 0.3 0.291667
44 0.3 0.166667
44 0.3 0.375
44 0.3 0.208333
44 0.3 0.333333
44 0.3 0.25
44 0.3 0.25
44 0.3 0.375
44 0.3 0.375
44 0.3 0.208333
44 0.3 0.208333
44 0.3 0.291667
44 0.3 0.375
44 0.3 0.416667
44 0.3 0.208333
44 0.3 0.291667
44 0.3 0.208333
44 0.3 0.375
44 0.3 0.291667
44 0.3 0.333333
44 0.3 0.291667
44 0.3 0.333333
44 0.3 0.333333
44 0.3 0.166667
44 0.3 0.375
44 0.3 0.416667
44 0.3 0.416667
44 0.3 0.208333
44 0.3 0.375
44 0.3 0.375
44 0.3 0.291667
44 0.3 0.208333
44 0.3 0.25
44 0.3 0.375
44 0.3 0.208333
44 0.3 0.291667
44 0.3 0.333333
44 0.3 0.375
44 0.3 0.416667
44 0.3 0.416667
44 0.3 0.458333
44 0.3 0.291667
44 0.3 0.208333
44 0.3 0.25
44 0.3 0.416667
44 0.3 0.25
44 0.3 0.333333
44 0.3 0.375
44 0.3 0.25
44 0.3 0.333333
44 0.3 0.208333
44 0.3 0.25
44 0.3 0.333333
44 0.3 0.333333
44 0.3 0.291667
44 0.3 0.291667
44 0.3 0.25
44 0.3 0.333333
44 0.3 0.333333
44 0.3 0.458333
44 0.3 0.375
44 0.3 0.25
44 0.3 0.416667
44 0.3 0.291667
44 0.3 0.291667
44 0.3 0.333333
44 0.3 0.291667
44 0.3 0.375
44 0.3 0.375
44 0.3 0.333333
44 0.3 0.208333
44 0.3 0.25
44 0.3 0.416667
44 0.3 0.375
44 0.3 0.416667
44 0.3 0.333333
44 0.3 0.416667
44 0.3 0.291667
44 0.3 0.291667
44 0.3 0.208333
44 0.3 0.291667
44 0.3 0.333333
44 0.3 0.25
44 0.3 0.416667
44 0.3 0.416667
44 0.3 0.333333
44 0.3 0.291667
44 0.3 0.291667
44 0.3 0.333333
44 0.3 0.416667
44 0.3 0.333333
44 0.3 0.333333
44 0.3 0.333333
44 0.3 0.291667
44 0.3 0.25
44 0.3 0.333333
44 0.3 0.5
44 0.3 0.291667
44 0.3 0.291667
44 0.3 0.208333
44 0.3 0.375
44 0.3 0.375
44 0.3 0.375
44 0.3 0.25
44 0.3 0.541667
44 0.3 0.416667
44 0.3 0.416667
52 0.3 0.0833333
52 0.3 0.125
52 0.3 0.0833333
52 0.3 0.208333
52 0.3 0.125
52 0.3 0.0416667
52 0.3 0.125
52 0.3 0.0833333
52 0.3 0.125
52 0.3 0.25
52 0.3 0.0833333
52 0.3 0.0833333
52 0.3 0.208333
52 0.3 0.208333
52 0.3 0.166667
52 0.3 0.0833333
52 0.3 0.166667
52 0.3 0.125
52 0.3 0.166667
52 0.3 0.25
52 0.3 0.125
52 0.3 0.166667
52 0.3 0.25
52 0.3 0.291667
52 0.3 0.166667
52 0.3 0.291667
52 0.3 0.208333
52 0.3 0.291667
52 0.3 0.208333
52 0.3 0.166667
52 0.3 0.291667
52 0.3 0.166667
52 0.3 0.166667
52 0.3 0.125
52 0.3 0.166667
52 0.3 0.166667
52 0.3 0.25
52 0.3 0.166667
52 0.3 0.125
52 0.3 0.166667
52 0.3 0.25
52 0.3 0.166667
52 0.3 0.25
52 0.3 0.208333
52 0.3 0.333333
52 0.3 0.208333
52 0.3 0.25
52 0.3 0.0833333
52 0.3 0.0833333
52 0.3 0.0833333
52 0.3 0.25
52 0.3 0.166667
52 0.3 0.166667
52 0.3 0.0833333
52 0.3 0.25
52 0.3 0.166667
52 0.3 0.291667
52 0.3 0.208333
52 0.3 0.25
52 0.3 0.166667
52 0.3 0.125
52 0.3 0.125
52 0.3 0.125
52 0.3 0.0833333
52 0.3 0.166667
52 0.3 0.125
52 0.3 0.166667
52 0.3 0.291667
52 0.3 0.333333
52 0.3 0.166667
52 0.3 0.208333
52 0.3 0.208333
52 0.3 0.0833333
52 0.3 0.291667
52 0.3 0.166667
52 0.3 0.25
52 0.3 0.208333
52 0.3 0.291667
52 0.3 0.25
52 0.3 0.166667
52 0.3 0.25
52 0.3 0.291667
52 0.3 0.166667
52 0.3 0.208333
52 0.3 0.25
52 0.3 0.208333
52 0.3 0.208333
52 0.3 0.208333
52 0.3 0.208333
52 0.3 0.208333
52 0.3 0.208333
52 0.3 0.25
52 0.3 0.208333
52 0.3 0.125
52 0.3 0.25
52 0.3 0.208333
52 0.3 0.291667
52 0.3 0.208333
52 0.3 0.25
52 0.3 0.208333
52 0.3 0.208333
52 0.3 0.291667
52 0.3 0.25
52 0.3 0.208333
52 0.3 0.25
52 0.3 0.166667
52 0.3 0.125
52 0.3 0.25
52 0.3 0.166667
52 0.3 0.25
52 0.3 0.208333
52 0.3 0.208333
52 0.3 0.208333
52 0.3 0.25
52 0.3 0.291667
52 0.3 0.0833333
52 0.3 0.25
52 0.3 0.25
52 0.3 0.291667
52 0.3 0.166667
52 0.3 0.208333
52 0.3 0.25
52 0.3 0.333333
52 0.3 0.166667
52 0.3 0.166667
52 0.3 0.208333
52 0.3 0.166667
52 0.3 0.208333
52 0.3 0.166667
52 0.3 0.25
52 0.3 0.25
52 0.3 0.25
52 0.3 0.208333
52 0.3 0.125
52 0.3 0.208333
52 0.3 0.208333
52 0.3 0.25
52 0.3 0.25
52 0.3 0.166667
52 0.3 0.208333
52 0.3 0.166667
52 0.3 0.291667
52 0.3 0.25
52 0.3 0.333333
52 0.3 0.166667
52 0.3 0.333333
52 0.3 0.208333
52 0.3 0.125
52 0.3 0.291667
52 0.3 0.166667
52 0.3 0.25
52 0.3 0.0833333
52 0.3 0.291667
52 0.3 0.291667
52 0.3 0.166667
52 0.3 0.166667
52 0.3 0.125
52 0.3 0.208333
52 0.3 0.125
52 0.3 0.333333
52 0.3 0.166667
52 0.3 0.166667
52 0.3 0.208333
52 0.3 0.208333
52 0.3 0.291667
52 0.3 0.125
52 0.3 0.25
52 0.3 0.333333
52 0.3 0.208333
52 0.3 0.25
52 0.3 0.208333
52 0.3 0.291667
52 0.3 0.208333
52 0.3 0.25
52 0.3 0.291667
52 0.3 0.166667
52 0.3 0.333333
52 0.3 0.166667
52 0.3 0.208333
52 0.3 0.125
52 0.3 0.166667
52 0.3 0.125
52 0.3 0.416667
52 0.3 0.208333
52 0.3 0.166667
52 0.3 0.25
52 0.3 0.208333
52 0.3 0.291667
52 0.3 0.25
52 0.3 0.291667
52 0.3 0.208333
52 0.3 0.291667
52 0.3 0.333333
52 0.3 0.208333
52 0.3 0.208333
52 0.3 0.375
52 0.3 0.25
52 0.3 0.208333
52 0.3 0.291667
52 0.3 0.25
52 0.3 0.291667
52 0.3 0.25
52 0.3 0.25
52 0.3 0.25
52 0.3 0.291667
52 0.3 0.333333
52 0.3 0.375
52 0.3 0.291667
52 0.3 0.208333
52 0.3 0.208333
52 0.3 0.25
52 0.3 0.333333
52 0.3 0.291667
52 0.3 0.291667
52 0.3 0.208333
52 0.3 0.291667
52 0.3 0.208333
52 0.3 0.333333
52 0.3 0.166667
52 0.3 0.291667
52 0.3 0.333333
52 0.3 0.208333
52 0.3 0.166667
52 0.3 0.25
52 0.3 0.208333
52 0.3 0.333333
52 0.3 0.333333
52 0.3 0.208333
52 0.3 0.291667
52 0.3 0.208333
52 0.3 0.208333
52 0.3 0.208333
52 0.3 0.25
52 0.3 0.375
52 0.3 0.166667
52 0.3 0.166667
52 0.3 0.375
52 0.3 0.333333
52 0.3 0.208333
52 0.3 0.416667
52 0.3 0.333333
52 0.3 0.166667
52 0.3 0.333333
52 0.3 0.333333
52 0.3 0.291667
52 0.3 0.333333
52 0.3 0.291667
52 0.3 0.25
52 0.3 0.25
52 0.3 0.291667
52 0.3 0.458333
52 0.3 0.333333
52 0.3 0.333333
52 0.3 0.333333
52 0.3 0.291667
52 0.3 0.375
52 0.3 0.25
52 0.3 0.375
52 0.3 0.291667
52 0.3 0.333333
52 0.3 0.416667
52 0.3 0.208333
52 0.3 0.375
52 0.3 0.333333
52 0.3 0.291667
52 0.3 0.291667
52 0.3 0.375
52 0.3 0.291667
52 0.3 0.291667
52 0.3 0.291667
52 0.3 0.333333
52 0.3 0.25
52 0.3 0.375
52 0.3 0.333333
52 0.3 0.291667
52 0.3 0.25
52 0.3 0.291667
52 0.3 0.291667
52 0.3 0.333333
52 0.3 0.291667
52 0.3 0.166667
52 0.3 0.208333
52 0.3 0.291667
52 0.3 0.458333
52 0.3 0.208333
52 0.3 0.25
52 0.3 0.208333
52 0.3 0.291667
52 0.3 0.291667
52 0.3 0.291667
52 0.3 0.333333
52 0.3 0.291667
52 0.3 0.166667
52 0.3 0.416667
52 0.3 0.458333
52 0.3 0.416667
52 0.3 0.375
52 0.3 0.333333
52 0.3 0.25
52 0.3 0.333333
52 0.3 0.291667
52 0.3 0.25
52 0.3 0.291667
52 0.3 0.333333
52 0.3 0.333333
52 0.3 0.291667
52 0.3 0.208333
52 0.3 0.333333
52 0.3 0.458333
52 0.3 0.333333
52 0.3 0.375
52 0.3 0.25
52 0.3 0.333333
52 0.3 0.291667
52 0.3 0.458333
52 0.3 0.416667
52 0.3 0.25
52 0.3 0.291667
52 0.3 0.375
52 0.3 0.333333
52 0.3 0.166667
52 0.3 0.291667
52 0.3 0.208333
52 0.3 0.375
52 0.3 0.25
52 0.3 0.333333
52 0.3 0.333333
52 0.3 0.291667
52 0.3 0.25
52 0.3 0.291667
52 0.3 0.333333
52 0.3 0.416667
52 0.3 0.375
52 0.3 0.333333
52 0.3 0.208333
52 0.3 0.291667
52 0.3 0.25
52 0.3 0.333333
52 0.3 0.375
52 0.3 0.291667
52 0.3 0.375
52 0.3 0.291667
52 0.3 0.25
52 0.3 0.166667
52 0.3 0.25
52 0.3 0.375
52 0.3 0.458333
52 0.3 0.375
52 0.3 0.25
52 0.3 0.333333
52 0.3 0.375
52 0.3 0.375
52 0.3 0.333333
52 0.3 0.25
52 0.3 0.375
52 0.3 0.333333
52 0.3 0.291667
52 0.3 0.375
52 0.3 0.375
52 0.3 0.25
60 0.3 0.166667
60 0.3 0.125
60 0.3 0.208333
60 0.3 0.333333
60 0.3 0.25
60 0.3 0.0416667
60 0.3 0.125
60 0.3 0.166667
60 0.3 0.166667
60 0.3 0.166667
60 0.3 0.0833333
60 0.3 0.166667
60 0.3 0.0833333
60 0.3 0.208333
60 0.3 0.208333
60 0.3 0.166667
60 0.3 0.125
60 0.3 0.125
60 0.3 0.125
60 0.3 0.25
60 0.3 0.291667
60 0.3 0.166667
60 0.3 0.25
60 0.3 0.125
60 0.3 0.125
60 0.3 0.208333
60 0.3 0.166667
60 0.3 0.208333
60 0.3 0.125
60 0.3 0.166667
60 0.3 0.25
60 0.3 0.125
60 0.3 0.25
60 0.3 0.25
60 0.3 0.208333
60 0.3 0.208333
60 0.3 0.208333
60 0.3 0.0833333
60 0.3 0.125
60 0.3 0.333333
60 0.3 0.166667
60 0.3 0.25
60 0.3 0.208333
60 0.3 0.25
60 0.3 0.125
60 0.3 0.166667
60 0.3 0.208333
60 0.3 0.25
60 0.3 0.208333
60 0.3 0.208333
60 0.3 0.166667
60 0.3 0.166667
60 0.3 0.166667
60 0.3 0.166667
60 0.3 0.291667
60 0.3 0.208333
60 0.3 0.25
60 0.3 0.0416667
60 0.3 0.208333
60 0.3 0.166667
60 0.3 0.0833333
60 0.3 0.291667
60 0.3 0.166667
60 0.3 0.166667
60 0.3 0.25
60 0.3 0.25
60 0.3 0.208333
60 0.3 0.208333
60 0.3 0.25
60 0.3 0.125
60 0.3 0.166667
60 0.3 0.208333
60 0.3 0.166667
60 0.3 0.208333
60 0.3 0.25
60 0.3 0.208333
60 0.3 0.0416667
60 0.3 0.166667
60 0.3 0.166667
60 0.3 0.0833333
60 0.3 0.291667
60 0.3 0.25
60 0.3 0.166667
60 0.3 0.208333
60 0.3 0.25
60 0.3 0.25
60 0.3 0.125
60 0.3 0.25
60 0.3 0.166667
60 0.3 0.208333
60 0.3 0.25
60 0.3 0.125
60 0.3 0.166667
60 0.3 0.291667
60 0.3 0.125
60 0.3 0.333333
60 0.3 0.208333
60 0.3 0.291667
60 0.3 0.166667
60 0.3 0.208333
60 0.3 0.125
60 0.3 0.0833333
60 0.3 0.166667
60 0.3 0.25
60 0.3 0.208333
60 0.3 0.208333
60 0.3 0.333333
60 0.3 0.208333
60 0.3 0.125
60 0.3 0.208333
60 0.3 0.125
60 0.3 0.291667
60 0.3 0.208333
60 0.3 0.125
60 0.3 0.208333
60 0.3 0.166667
60 0.3 0.208333
60 0.3 0.333333
60 0.3 0.333333
60 0.3 0.208333
60 0.3 0.208333
60 0.3 0.166667
60 0.3 0.125
60 0.3 0.208333
60 0.3 0.25
60 0.3 0.25
60 0.3 0.166667
60 0.3 0.208333
60 0.3 0.291667
60 0.3 0.25
60 0.3 0.208333
60 0.3 0.25
60 0.3 0.291667
60 0.3 0.166667
60 0.3 0.25
60 0.3 0.166667
60 0.3 0.25
60 0.3 0.375
60 0.3 0.25
60 0.3 0.25
60 0.3 0.208333
60 0.3 0.166667
60 0.3 0.208333
60 0.3 0.208333
60 0.3 0.291667
60 0.3 0.166667
60 0.3 0.208333
60 0.3 0.166667
60 0.3 0.208333
60 0.3 0.208333
60 0.3 0.208333
60 0.3 0.208333
60 0.3 0.208333
60 0.3 0.166667
60 0.3 0.375
60 0.3 0.208333
60 0.3 0.291667
60 0.3 0.0833333
60 0.3 0.208333
60 0.3 0.25
60 0.3 0.208333
60 0.3 0.333333
60 0.3 0.0833333
60 0.3 0.291667
60 0.3 0.125
60 0.3 0.25
60 0.3 0.208333
60 0.3 0.25
60 0.3 0.125
60 0.3 0.25
60 0.3 0.25
60 0.3 0.25
60 0.3 0.208333
60 0.3 0.166667
60 0.3 0.333333
60 0.3 0.25
60 0.3 0.333333
60 0.3 0.333333
60 0.3 0.333333
60 0.3 0.25
60 0.3 0.208333
60 0.3 0.25
60 0.3 0.208333
60 0.3 0.291667
60 0.3 0.25
60 0.3 0.125
60 0.3 0.208333
60 0.3 0.208333
60 0.3 0.208333
60 0.3 0.166667
60 0.3 0.208333
60 0.3 0.291667
60 0.3 0.208333
60 0.3 0.0833333
60 0.3 0.166667
60 0.3 0.208333
60 0.3 0.208333
60 0.3 0.25
60 0.3 0.291667
60 0.3 0.208333
60 0.3 0.291667
60 0.3 0.125
60 0.3 0.291667
60 0.3 0.166667
60 0.3 0.25
60 0.3 0.208333
60 0.3 0.333333
60 0.3 0.291667
60 0.3 0.333333
60 0.3 0.25
60 0.3 0.25
60 0.3 0.25
60 0.3 0.208333
60 0.3 0.25
60 0.3 0.416667
60 0.3 0.125
60 0.3 0.166667
60 0.3 0.25
60 0.3 0.291667
60 0.3 0.125
60 0.3 0.25
60 0.3 0.333333
60 0.3 0.166667
60 0.3 0.208333
60 0.3 0.458333
60 0.3 0.291667
60 0.3 0.291667
60 0.3 0.25
60 0.3 0.291667
60 0.3 0.208333
60 0.3 0.25
60 0.3 0.291667
60 0.3 0.125
60 0.3 0.291667
60 0.3 0.25
60 0.3 0.25
60 0.3 0.291667
60 0.3 0.291667
60 0.3 0.291667
60 0.3 0.25
60 0.3 0.166667
60 0.3 0.375
60 0.3 0.166667
60 0.3 0.291667
60 0.3 0.208333
60 0.3 0.333333
60 0.3 0.166667
60 0.3 0.333333
60 0.3 0.291667
60 0.3 0.166667
60 0.3 0.25
60 0.3 0.25
60 0.3 0.375
60 0.3 0.25
60 0.3 0.458333
60 0.3 0.291667
60 0.3 0.333333
60 0.3 0.208333
60 0.3 0.25
60 0.3 0.25
60 0.3 0.208333
60 0.3 0.291667
60 0.3 0.208333
60 0.3 0.333333
60 0.3 0.291667
60 0.3 0.333333
60 0.3 0.333333
60 0.3 0.291667
60 0.3 0.333333
60 0.3 0.25
60 0.3 0.291667
60 0.3 0.291667
60 0.3 0.125
60 0.3 0.208333
60 0.3 0.166667
60 0.3 0.25
60 0.3 0.375
60 0.3 0.291667
60 0.3 0.333333
60 0.3 0.25
60 0.3 0.166667
60 0.3 0.333333
60 0.3 0.291667
60 0.3 0.208333
60 0.3 0.25
60 0.3 0.25
60 0.3 0.125
60 0.3 0.333333
60 0.3 0.416667
60 0.3 0.333333
60 0.3 0.333333
60 0.3 0.208333
60 0.3 0.333333
60 0.3 0.291667
60 0.3 0.375
60 0.3 0.166667
60 0.3 0.416667
60 0.3 0.25
60 0.3 0.375
60 0.3 0.375
60 0.3 0.25
60 0.3 0.375
60 0.3 0.333333
60 0.3 0.25
60 0.3 0.333333
60 0.3 0.166667
60 0.3 0.25
60 0.3 0.375
60 0.3 0.291667
60 0.3 0.25
60 0.3 0.291667
60 0.3 0.333333
60 0.3 0.25
60 0.3 0.25
60 0.3 0.458333
60 0.3 0.333333
60 0.3 0.166667
60 0.3 0.375
60 0.3 0.291667
60 0.3 0.333333
60 0.3 0.333333
60 0.3 0.333333
60 0.3 0.25
60 0.3 0.333333
60 0.3 0.25
60 0.3 0.333333
60 0.3 0.333333
60 0.3 0.375
60 0.3 0.291667
60 0.3 0.375
60 0.3 0.291667
60 0.3 0.291667
60 0.3 0.333333
60 0.3 0.333333
60 0.3 0.208333
60 0.3 0.375
60 0.3 0.333333
60 0.3 0.25
60 0.3 0.375
60 0.3 0.208333
60 0.3 0.291667
60 0.3 0.25
60 0.3 0.25
60 0.3 0.291667
60 0.3 0.333333
60 0.3 0.291667
60 0.3 0.291667
60 0.3 0.333333
60 0.3 0.291667
60 0.3 0.541667
60 0.3 0.25
60 0.3 0.25
60 0.3 0.291667
60 0.3 0.333333
60 0.3 0.291667
60 0.3 0.25
60 0.3 0.291667
60 0.3 0.375
60 0.3 0.375
60 0.3 0.291667
6 0.3 0.958333
6 0.3 0.875
6 0.3 0.875
6 0.3 1
6 0.3 0.833333
6 0.3 0.958333
6 0.3 0.916667
6 0.3 0.958333
6 0.3 0.833333
6 0.3 0.875
6 0.3 0.875
6 0.3 0.708333
6 0.3 0.791667
6 0.3 0.875
6 0.3 0.916667
6 0.3 0.916667
6 0.3 0.958333
6 0.3 0.958333
6 0.3 0.875
6 0.3 0.833333
6 0.3 0.833333
6 0.3 0.916667
6 0.3 0.916667
6 0.3 0.875
6 0.3 0.875
6 0.3 0.833333
6 0.3 0.833333
6 0.3 1
6 0.3 0.875
6 0.3 1
6 0.3 0.916667
6 0.3 0.833333
6 0.3 0.708333
6 0.3 0.958333
6 0.3 0.833333
6 0.3 0.916667
6 0.3 0.875
6 0.3 0.875
6 0.3 0.916667
6 0.3 0.833333
6 0.3 0.916667
6 0.3 0.875
6 0.3 0.916667
6 0.3 0.75
6 0.3 0.916667
6 0.3 0.916667
6 0.3 0.916667
6 0.3 0.958333
6 0.3 0.833333
6 0.3 0.916667
6 0.3 0.958333
6 0.3 0.875
6 0.3 0.75
6 0.3 0.958333
6 0.3 0.875
6 0.3 0.75
6 0.3 0.916667
6 0.3 0.916667
6 0.3 0.958333
6 0.3 0.958333
6 0.3 0.916667
6 0.3 0.916667
6 0.3 0.791667
6 0.3 0.791667
6 0.3 0.916667
6 0.3 0.833333
6 0.3 0.916667
6 0.3 0.916667
6 0.3 0.75
6 0.3 0.833333
6 0.3 0.791667
6 0.3 0.916667
6 0.3 0.875
6 0.3 0.958333
6 0.3 0.916667
6 0.3 0.875
6 0.3 0.958333
6 0.3 0.833333
6 0.3 0.958333
6 0.3 0.958333
6 0.3 0.958333
6 0.3 0.958333
6 0.3 0.833333
6 0.3 0.875
6 0.3 0.916667
6 0.3 0.916667
6 0.3 0.916667
6 0.3 0.875
6 0.3 0.791667
6 0.3 0.833333
6 0.3 0.916667
6 0.3 0.958333
6 0.3 0.958333
6 0.3 0.958333
6 0.3 0.958333
6 0.3 0.958333
6 0.3 0.916667
6 0.3 0.875
6 0.3 0.791667
6 0.3 0.916667
6 0.3 0.875
6 0.3 0.791667
6 0.3 0.833333
6 0.3 0.875
6 0.3 0.916667
6 0.3 0.875
6 0.3 1
6 0.3 0.75
6 0.3 0.958333
6 0.3 0.875
6 0.3 0.916667
6 0.3 0.916667
6 0.3 1
6 0.3 0.916667
6 0.3 0.916667
6 0.3 0.916667
6 0.3 0.875
6 0.3 0.958333
6 0.3 0.875
6 0.3 0.875
6 0.3 0.833333
6 0.3 0.916667
6 0.3 0.916667
6 0.3 0.833333
6 0.3 0.916667
6 0.3 0.958333
6 0.3 0.916667
6 0.3 0.833333
6 0.3 0.916667
6 0.3 0.958333
6 0.3 0.708333
6 0.3 0.916667
6 0.3 0.916667
6 0.3 0.875
6 0.3 0.958333
6 0.3 0.791667
6 0.3 0.791667
6 0.3 0.875
6 0.3 0.916667
6 0.3 0.875
6 0.3 0.833333
6 0.3 0.958333
6 0.3 0.791667
6 0.3 0.833333
6 0.3 0.916667
6 0.3 0.791667
6 0.3 0.833333
6 0.3 0.916667
6 0.3 0.875
6 0.3 0.875
6 0.3 0.875
6 0.3 0.916667
6 0.3 0.875
6 0.3 0.833333
6 0.3 0.875
6 0.3 0.958333
6 0.3 0.916667
6 0.3 0.958333
6 0.3 1
6 0.3 0.958333
6 0.3 0.791667
6 0.3 1
6 0.3 0.875
6 0.3 0.833333
6 0.3 0.916667
6 0.3 0.916667
6 0.3 0.875
6 0.3 0.833333
6 0.3 1
6 0.3 0.875
6 0.3 0.791667
6 0.3 0.958333
6 0.3 0.875
6 0.3 0.791667
6 0.3 0.833333
6 0.3 0.916667
6 0.3 0.875
6 0.3 0.791667
6 0.3 0.958333
6 0.3 0.875
6 0.3 0.958333
6 0.3 0.916667
6 0.3 0.958333
6 0.3 0.875
6 0.3 0.916667
6 0.3 0.875
6 0.3 0.916667
6 0.3 0.833333
6 0.3 0.916667
6 0.3 1
6 0.3 0.875
6 0.3 0.833333
6 0.3 0.833333
6 0.3 0.875
6 0.3 0.958333
6 0.3 0.875
6 0.3 0.875
6 0.3 1
6 0.3 0.708333
6 0.3 0.916667
6 0.3 0.875
6 0.3 0.916667
6 0.3 0.875
6 0.3 0.75
6 0.3 0.916667
6 0.3 0.875
6 0.3 0.791667
6 0.3 0.833333
6 0.3 0.916667
6 0.3 0.833333
6 0.3 0.791667
6 0.3 0.916667
6 0.3 0.875
6 0.3 0.875
6 0.3 0.916667
6 0.3 0.958333
6 0.3 0.875
6 0.3 0.833333
6 0.3 1
6 0.3 0.791667
6 0.3 0.958333
6 0.3 0.791667
6 0.3 0.833333
6 0.3 0.916667
6 0.3 0.833333
6 0.3 0.916667
6 0.3 0.833333
6 0.3 0.833333
6 0.3 0.875
6 0.3 0.833333
6 0.3 0.958333
6 0.3 0.916667
6 0.3 0.75
6 0.3 0.916667
6 0.3 0.958333
6 0.3 0.916667
6 0.3 0.875
6 0.3 1
6 0.3 0.75
6 0.3 0.958333
6 0.3 0.791667
6 0.3 0.833333
6 0.3 0.958333
6 0.3 0.75
6 0.3 0.875
6 0.3 0.916667
6 0.3 0.916667
6 0.3 0.916667
6 0.3 0.958333
6 0.3 0.833333
6 0.3 0.916667
6 0.3 0.875
6 0.3 0.666667
6 0.3 0.875
6 0.3 0.875
6 0.3 0.958333
6 0.3 0.916667
6 0.3 0.916667
6 0.3 0.791667
6 0.3 0.958333
6 0.3 0.916667
6 0.3 0.875
6 0.3 0.833333
6 0.3 0.958333
6 0.3 0.916667
6 0.3 0.875
6 0.3 0.916667
6 0.3 0.958333
6 0.3 0.875
6 0.3 0.833333
6 0.3 0.916667
6 0.3 0.916667
6 0.3 0.958333
6 0.3 0.916667
6 0.3 0.875
6 0.3 0.833333
6 0.3 0.708333
6 0.3 0.958333
6 0.3 0.958333
6 0.3 1
6 0.3 0.916667
6 0.3 0.833333
6 0.3 0.916667
6 0.3 0.833333
6 0.3 1
6 0.3 0.916667
6 0.3 0.958333
6 0.3 0.875
6 0.3 0.916667
6 0.3 0.875
6 0.3 0.833333
6 0.3 0.916667
6 0.3 0.916667
6 0.3 0.916667
6 0.3 0.75
6 0.3 0.916667
6 0.3 0.958333
6 0.3 0.833333
6 0.3 0.958333
6 0.3 0.916667
6 0.3 0.916667
6 0.3 0.958333
6 0.3 0.791667
6 0.3 0.833333
6 0.3 0.916667
6 0.3 0.916667
6 0.3 0.833333
6 0.3 0.916667
6 0.3 0.916667
6 0.3 0.958333
6 0.3 0.875
6 0.3 0.916667
6 0.3 0.833333
6 0.3 0.875
6 0.3 0.916667
6 0.3 0.875
6 0.3 0.833333
6 0.3 0.916667
6 0.3 0.958333
6 0.3 0.916667
6 0.3 0.916667
6 0.3 0.875
6 0.3 0.875
6 0.3 0.75
6 0.3 0.791667
6 0.3 1
6 0.3 1
6 0.3 0.875
6 0.3 0.791667
6 0.3 0.958333
6 0.3 0.875
6 0.3 1
6 0.3 0.833333
6 0.3 0.833333
6 0.3 0.916667
6 0.3 0.916667
6 0.3 0.916667
6 0.3 0.833333
6 0.3 0.875
6 0.3 0.833333
6 0.3 0.791667
6 0.3 0.875
6 0.3 0.875
6 0.3 0.833333
6 0.3 0.958333
6 0.3 0.916667
6 0.3 0.958333
6 0.3 0.958333
6 0.3 0.958333
6 0.3 1
6 0.3 1
6 0.3 0.916667
6 0.3 0.916667
6 0.3 0.833333
6 0.3 0.958333
6 0.3 0.833333
6 0.3 0.958333
6 0.3 0.916667
6 0.3 0.958333
6 0.3 0.958333
8 0.3 0.5
8 0.3 0.666667
8 0.3 0.541667
8 0.3 0.625
8 0.3 0.625
8 0.3 0.666667
8 0.3 0.708333
8 0.3 0.625
8 0.3 0.666667
8 0.3 0.75
8 0.3 0.583333
8 0.3 0.583333
8 0.3 0.666667
8 0.3 0.625
8 0.3 0.625
8 0.3 0.5
8 0.3 0.583333
8 0.3 0.666667
8 0.3 0.5
8 0.3 0.541667
8 0.3 0.708333
8 0.3 0.625
8 0.3 0.541667
8 0.3 0.708333
8 0.3 0.666667
8 0.3 0.416667
8 0.3 0.708333
8 0.3 0.708333
8 0.3 0.541667
8 0.3 0.625
8 0.3 0.625
8 0.3 0.75
8 0.3 0.625
8 0.3 0.75
8 0.3 0.708333
8 0.3 0.541667
8 0.3 0.583333
8 0.3 0.666667
8 0.3 0.708333
8 0.3 0.666667
8 0.3 0.708333
8 0.3 0.625
8 0.3 0.625
8 0.3 0.5
8 0.3 0.625
8 0.3 0.625
8 0.3 0.75
8 0.3 0.583333
8 0.3 0.708333
8 0.3 0.666667
8 0.3 0.666667
8 0.3 0.583333
8 0.3 0.625
8 0.3 0.583333
8 0.3 0.708333
8 0.3 0.666667
8 0.3 0.708333
8 0.3 0.666667
8 0.3 0.708333
8 0.3 0.708333
8 0.3 0.625
8 0.3 0.625
8 0.3 0.708333
8 0.3 0.791667
8 0.3 0.666667
8 0.3 0.666667
8 0.3 0.583333
8 0.3 0.541667
8 0.3 0.625
8 0.3 0.416667
8 0.3 0.666667
8 0.3 0.583333
8 0.3 0.625
8 0.3 0.666667
8 0.3 0.583333
8 0.3 0.75
8 0.3 0.583333
8 0.3 0.666667
8 0.3 0.666667
8 0.3 0.708333
8 0.3 0.583333
8 0.3 0.541667
8 0.3 0.666667
8 0.3 0.708333
8 0.3 0.625
8 0.3 0.458333
8 0.3 0.666667
8 0.3 0.583333
8 0.3 0.625
8 0.3 0.666667
8 0.3 0.625
8 0.3 0.541667
8 0.3 0.708333
8 0.3 0.708333
8 0.3 0.583333
8 0.3 0.625
8 0.3 0.708333
8 0.3 0.541667
8 0.3 0.583333
8 0.3 0.708333
8 0.3 0.666667
8 0.3 0.458333
8 0.3 0.666667
8 0.3 0.75
8 0.3 0.666667
8 0.3 0.458333
8 0.3 0.625
8 0.3 0.791667
8 0.3 0.708333
8 0.3 0.625
8 0.3 0.583333
8 0.3 0.625
8 0.3 0.666667
8 0.3 0.625
8 0.3 0.625
8 0.3 0.666667
8 0.3 0.708333
8 0.3 0.791667
8 0.3 0.666667
8 0.3 0.541667
8 0.3 0.666667
8 0.3 0.625
8 0.3 0.791667
8 0.3 0.75
8 0.3 0.583333
8 0.3 0.625
8 0.3 0.625
8 0.3 0.666667
8 0.3 0.75
8 0.3 0.583333
8 0.3 0.458333
8 0.3 0.666667
8 0.3 0.666667
8 0.3 0.75
8 0.3 0.583333
8 0.3 0.666667
8 0.3 0.708333
8 0.3 0.666667
8 0.3 0.583333
8 0.3 0.666667
8 0.3 0.625
8 0.3 0.583333
8 0.3 0.583333
8 0.3 0.583333
8 0.3 0.583333
8 0.3 0.541667
8 0.3 0.541667
8 0.3 0.625
8 0.3 0.666667
8 0.3 0.666667
8 0.3 0.708333
8 0.3 0.666667
8 0.3 0.625
8 0.3 0.666667
8 0.3 0.583333
8 0.3 0.666667
8 0.3 0.583333
8 0.3 0.666667
8 0.3 0.458333
8 0.3 0.75
8 0.3 0.625
8 0.3 0.583333
8 0.3 0.541667
8 0.3 0.583333
8 0.3 0.541667
8 0.3 0.666667
8 0.3 0.666667
8 0.3 0.625
8 0.3 0.75
8 0.3 0.5
8 0.3 0.666667
8 0.3 0.583333
8 0.3 0.583333
8 0.3 0.708333
8 0.3 0.666667
8 0.3 0.625
8 0.3 0.541667
8 0.3 0.625
8 0.3 0.708333
8 0.3 0.583333
8 0.3 0.583333
8 0.3 0.583333
8 0.3 0.625
8 0.3 0.666667
8 0.3 0.583333
8 0.3 0.75
8 0.3 0.583333
8 0.3 0.541667
8 0.3 0.583333
8 0.3 0.75
8 0.3 0.625
8 0.3 0.708333
8 0.3 0.708333
8 0.3 0.791667
8 0.3 0.666667
8 0.3 0.666667
8 0.3 0.708333
8 0.3 0.75
8 0.3 0.708333
8 0.3 0.708333
8 0.3 0.625
8 0.3 0.666667
8 0.3 0.625
8 0.3 0.541667
8 0.3 0.583333
8 0.3 0.666667
8 0.3 0.583333
8 0.3 0.666667
8 0.3 0.666667
8 0.3 0.416667
8 0.3 0.458333
8 0.3 0.625
8 0.3 0.583333
8 0.3 0.5
8 0.3 0.625
8 0.3 0.666667
8 0.3 0.625
8 0.3 0.541667
8 0.3 0.625
8 0.3 0.666667
8 0.3 0.583333
8 0.3 0.666667
8 0.3 0.666667
8 0.3 0.583333
8 0.3 0.625
8 0.3 0.583333
8 0.3 0.666667
8 0.3 0.541667
8 0.3 0.666667
8 0.3 0.708333
8 0.3 0.583333
8 0.3 0.625
8 0.3 0.791667
8 0.3 0.666667
8 0.3 0.5
8 0.3 0.666667
8 0.3 0.541667
8 0.3 0.708333
8 0.3 0.583333
8 0.3 0.625
8 0.3 0.583333
8 0.3 0.708333
8 0.3 0.5
8 0.3 0.583333
8 0.3 0.666667
8 0.3 0.583333
8 0.3 0.75
8 0.3 0.666667
8 0.3 0.625
8 0.3 0.583333
8 0.3 0.583333
8 0.3 0.666667
8 0.3 0.458333
8 0.3 0.75
8 0.3 0.5
8 0.3 0.5
8 0.3 0.541667
8 0.3 0.666667
8 0.3 0.625
8 0.3 0.666667
8 0.3 0.708333
8 0.3 0.583333
8 0.3 0.458333
8 0.3 0.666667
8 0.3 0.583333
8 0.3 0.625
8 0.3 0.666667
8 0.3 0.625
8 0.3 0.541667
8 0.3 0.583333
8 0.3 0.75
8 0.3 0.625
8 0.3 0.625
8 0.3 0.625
8 0.3 0.541667
8 0.3 0.625
8 0.3 0.625
8 0.3 0.541667
8 0.3 0.708333
8 0.3 0.708333
8 0.3 0.583333
8 0.3 0.666667
8 0.3 0.708333
8 0.3 0.625
8 0.3 0.625
8 0.3 0.666667
8 0.3 0.583333
8 0.3 0.666667
8 0.3 0.666667
8 0.3 0.583333
8 0.3 0.75
8 0.3 0.625
8 0.3 0.583333
8 0.3 0.708333
8 0.3 0.708333
8 0.3 0.666667
8 0.3 0.708333
8 0.3 0.541667
8 0.3 0.708333
8 0.3 0.666667
8 0.3 0.666667
8 0.3 0.708333
8 0.3 0.708333
8 0.3 0.708333
8 0.3 0.583333
8 0.3 0.583333
8 0.3 0.541667
8 0.3 0.541667
8 0.3 0.541667
8 0.3 0.583333
8 0.3 0.666667
8 0.3 0.625
8 0.3 0.625
8 0.3 0.541667
8 0.3 0.541667
8 0.3 0.708333
8 0.3 0.458333
8 0.3 0.625
8 0.3 0.708333
8 0.3 0.541667
8 0.3 0.5
8 0.3 0.5
8 0.3 0.583333
8 0.3 0.541667
8 0.3 0.583333
8 0.3 0.666667
8 0.3 0.541667
8 0.3 0.541667
8 0.3 0.625
8 0.3 0.708333
8 0.3 0.708333
8 0.3 0.666667
8 0.3 0.666667
8 0.3 0.583333
8 0.3 0.625
8 0.3 0.666667
8 0.3 0.5
8 0.3 0.666667
8 0.3 0.625
8 0.3 0.541667
8 0.3 0.625
8 0.3 0.625
8 0.3 0.583333
8 0.3 0.666667
8 0.3 0.583333
8 0.3 0.666667
8 0.3 0.5
8 0.3 0.583333
8 0.3 0.583333
8 0.3 0.625
8 0.3 0.625
8 0.3 0.583333
8 0.3 0.625
8 0.3 0.625
8 0.3 0.583333
8 0.3 0.75
8 0.3 0.541667
8 0.3 0.5
8 0.3 0.666667
8 0.3 0.541667
