10 0.2 0
10 0.2 0
10 0.2 0.125
10 0.2 0.0416667
10 0.2 0.0416667
10 0.2 0.0833333
10 0.2 0.125
10 0.2 0.0833333
10 0.2 0
10 0.2 0.0416667
10 0.2 0.125
10 0.2 0.0416667
10 0.2 0.125
10 0.2 0.0416667
10 0.2 0
10 0.2 0.125
10 0.2 0.166667
10 0.2 0.0833333
10 0.2 0.166667
10 0.2 0.0833333
10 0.2 0.166667
10 0.2 0.125
10 0.2 0.0416667
10 0.2 0
10 0.2 0.0833333
10 0.2 0
10 0.2 0.0416667
10 0.2 0.0416667
10 0.2 0.0416667
10 0.2 0.0833333
10 0.2 0.208333
10 0.2 0.125
10 0.2 0.125
10 0.2 0.208333
10 0.2 0
10 0.2 0.208333
10 0.2 0.0833333
10 0.2 0.125
10 0.2 0.0833333
10 0.2 0
10 0.2 0.0416667
10 0.2 0.0833333
10 0.2 0.0416667
10 0.2 0.0833333
10 0.2 0.25
10 0.2 0.0833333
10 0.2 0.125
10 0.2 0.0833333
10 0.2 0.0416667
10 0.2 0.208333
10 0.2 0.166667
10 0.2 0.125
10 0.2 0.0416667
10 0.2 0.166667
10 0.2 0.0416667
10 0.2 0.291667
10 0.2 0.125
10 0.2 0.0833333
10 0.2 0
10 0.2 0.0416667
10 0.2 0.0833333
10 0.2 0.0833333
10 0.2 0.125
10 0.2 0.125
10 0.2 0.125
10 0.2 0.0833333
10 0.2 0.0416667
10 0.2 0.125
10 0.2 0.208333
10 0.2 0.166667
10 0.2 0.166667
10 0.2 0.166667
10 0.2 0.0416667
10 0.2 0.0833333
10 0.2 0.125
10 0.2 0
10 0.2 0.125
10 0.2 0.166667
10 0.2 0.0416667
10 0.2 0.125
10 0.2 0.0416667
10 0.2 0.0416667
10 0.2 0
10 0.2 0.0833333
10 0.2 0.0416667
10 0.2 0
10 0.2 0.166667
10 0.2 0.0416667
10 0.2 0.125
10 0.2 0.0416667
10 0.2 0.0416667
10 0.2 0.125
10 0.2 0.25
10 0.2 0.166667
10 0.2 0.0416667
10 0.2 0.166667
10 0.2 0.166667
10 0.2 0.166667
10 0.2 0.125
10 0.2 0.0416667
10 0.2 0.125
10 0.2 0.166667
10 0.2 0.208333
10 0.2 0.0833333
10 0.2 0.125
10 0.2 0.166667
10 0.2 0.125
10 0.2 0.125
10 0.2 0.125
10 0.2 0.166667
10 0.2 0.0833333
10 0.2 0.0833333
10 0.2 0.125
10 0.2 0.208333
10 0.2 0.166667
10 0.2 0.166667
10 0.2 0.0416667
10 0.2 0.0416667
10 0.2 0.166667
10 0.2 0.0833333
10 0.2 0.166667
10 0.2 0.125
10 0.2 0.208333
10 0.2 0.125
10 0.2 0.166667
10 0.2 0.0416667
10 0.2 0.333333
10 0.2 0.166667
10 0.2 0.166667
10 0.2 0
10 0.2 0
10 0.2 0.125
10 0.2 0
10 0.2 0.0833333
10 0.2 0.0416667
10 0.2 0.0833333
10 0.2 0.0416667
10 0.2 0.0833333
10 0.2 0.125
10 0.2 0.166667
10 0.2 0.208333
10 0.2 0.125
10 0.2 0.0833333
10 0.2 0.0833333
10 0.2 0.0416667
10 0.2 0
10 0.2 0.0833333
10 0.2 0.0833333
10 0.2 0.125
10 0.2 0
10 0.2 0.166667
10 0.2 0.208333
10 0.2 0
10 0.2 0.0416667
10 0.2 0.0416667
10 0.2 0.166667
10 0.2 0
10 0.2 0.0416667
10 0.2 0
10 0.2 0
10 0.2 0.166667
10 0.2 0
10 0.2 0.208333
10 0.2 0.208333
10 0.2 0.166667
10 0.2 0.166667
10 0.2 0.291667
10 0.2 0.125
10 0.2 0.125
10 0.2 0.0833333
10 0.2 0.208333
10 0.2 0
10 0.2 0.0416667
10 0.2 0.0833333
10 0.2 0.0416667
10 0.2 0
10 0.2 0.0833333
10 0.2 0.0833333
10 0.2 0.0833333
10 0.2 0.0833333
10 0.2 0.0416667
10 0.2 0.166667
10 0.2 0.208333
10 0.2 0.166667
10 0.2 0.166667
10 0.2 0.0416667
10 0.2 0
10 0.2 0.0833333
10 0.2 0.0416667
10 0.2 0.0833333
10 0.2 0.166667
10 0.2 0.125
10 0.2 0
10 0.2 0.125
10 0.2 0.0416667
10 0.2 0.0833333
10 0.2 0.166667
10 0.2 0.208333
10 0.2 0.125
10 0.2 0.0833333
10 0.2 0.0833333
10 0.2 0.166667
10 0.2 0.0416667
10 0.2 0.166667
10 0.2 0.125
10 0.2 0.166667
10 0.2 0.0416667
10 0.2 0.208333
10 0.2 0.208333
10 0.2 0.0416667
10 0.2 0.208333
10 0.2 0.125
10 0.2 0.125
10 0.2 0.125
10 0.2 0.125
10 0.2 0.125
10 0.2 0.125
10 0.2 0.125
10 0.2 0.166667
10 0.2 0.0833333
10 0.2 0.0833333
10 0.2 0.0833333
10 0.2 0.0833333
10 0.2 0.0833333
10 0.2 0.208333
10 0.2 0.0833333
10 0.2 0.125
10 0.2 0.0833333
10 0.2 0.25
10 0.2 0.125
10 0.2 0.125
10 0.2 0.208333
10 0.2 0.0416667
10 0.2 0.25
10 0.2 0.25
10 0.2 0.0833333
10 0.2 0.0416667
10 0.2 0.0416667
10 0.2 0.125
10 0.2 0.208333
10 0.2 0.125
10 0.2 0.125
10 0.2 0.125
10 0.2 0.166667
10 0.2 0.0416667
10 0.2 0.291667
10 0.2 0.166667
10 0.2 0.0833333
10 0.2 0.0833333
10 0.2 0.166667
10 0.2 0.166667
10 0.2 0.0833333
10 0.2 0.166667
10 0.2 0.0833333
10 0.2 0.125
10 0.2 0.125
10 0.2 0.25
10 0.2 0.0416667
10 0.2 0.0833333
10 0.2 0.208333
10 0.2 0.0833333
10 0.2 0.166667
10 0.2 0.25
10 0.2 0.0416667
10 0.2 0.0416667
10 0.2 0.0833333
10 0.2 0.0833333
10 0.2 0.166667
10 0.2 0.0833333
10 0.2 0.166667
10 0.2 0.166667
10 0.2 0.125
10 0.2 0.0833333
10 0.2 0.0416667
10 0.2 0.125
10 0.2 0.291667
10 0.2 0.208333
10 0.2 0.125
10 0.2 0.166667
10 0.2 0.125
10 0.2 0.166667
10 0.2 0.166667
10 0.2 0.166667
10 0.2 0.25
10 0.2 0.208333
10 0.2 0.125
10 0.2 0.125
10 0.2 0.0833333
10 0.2 0.0833333
10 0.2 0.0416667
10 0.2 0.25
10 0.2 0.0833333
10 0.2 0.166667
10 0.2 0.125
10 0.2 0.166667
10 0.2 0.166667
10 0.2 0.208333
10 0.2 0.125
10 0.2 0.208333
10 0.2 0.0833333
10 0.2 0.125
10 0.2 0.166667
10 0.2 0.0416667
10 0.2 0.0833333
10 0.2 0.0833333
10 0.2 0.0833333
10 0.2 0.208333
10 0.2 0.166667
10 0.2 0.208333
10 0.2 0.125
10 0.2 0.125
10 0.2 0.125
10 0.2 0.208333
10 0.2 0.166667
10 0.2 0.125
10 0.2 0.208333
10 0.2 0.125
10 0.2 0.375
10 0.2 0.125
10 0.2 0.166667
10 0.2 0.166667
10 0.2 0.25
10 0.2 0.166667
10 0.2 0.208333
10 0.2 0.25
10 0.2 0.25
10 0.2 0.166667
10 0.2 0.125
10 0.2 0.166667
10 0.2 0.125
10 0.2 0.166667
10 0.2 0.0833333
10 0.2 0.25
10 0.2 0.208333
10 0.2 0.208333
10 0.2 0.166667
10 0.2 0.166667
10 0.2 0.0833333
10 0.2 0.208333
10 0.2 0.166667
10 0.2 0.166667
10 0.2 0.208333
10 0.2 0.166667
10 0.2 0.166667
10 0.2 0.208333
10 0.2 0.166667
10 0.2 0.25
10 0.2 0.125
10 0.2 0.166667
10 0.2 0.208333
10 0.2 0.166667
10 0.2 0.333333
10 0.2 0.166667
10 0.2 0.333333
10 0.2 0.25
10 0.2 0.208333
10 0.2 0.291667
10 0.2 0.291667
10 0.2 0.208333
10 0.2 0.25
12 0.2 0
12 0.2 0.0833333
12 0.2 0.0416667
12 0.2 0
12 0.2 0.0833333
12 0.2 0.0833333
12 0.2 0.0833333
12 0.2 0.0416667
12 0.2 0.0416667
12 0.2 0.0416667
12 0.2 0
12 0.2 0.0833333
12 0.2 0
12 0.2 0.0416667
12 0.2 0.0833333
12 0.2 0.0416667
12 0.2 0.0833333
12 0.2 0.0833333
12 0.2 0
12 0.2 0.0416667
12 0.2 0.0416667
12 0.2 0.0416667
12 0.2 0.0833333
12 0.2 0
12 0.2 0.0833333
12 0.2 0
12 0.2 0.0416667
12 0.2 0.0416667
12 0.2 0.125
12 0.2 0
12 0.2 0.0416667
12 0.2 0.0416667
12 0.2 0.0833333
12 0.2 0.166667
12 0.2 0.0416667
12 0.2 0.166667
12 0.2 0.0416667
12 0.2 0.0416667
12 0.2 0.125
12 0.2 0.0833333
12 0.2 0.0416667
12 0.2 0.0416667
12 0.2 0.0416667
12 0.2 0
12 0.2 0.0833333
12 0.2 0.125
12 0.2 0
12 0.2 0.0833333
12 0.2 0
12 0.2 0.0833333
12 0.2 0.0416667
12 0.2 0.0416667
12 0.2 0
12 0.2 0.0416667
12 0.2 0.0833333
12 0.2 0
12 0.2 0.0833333
12 0.2 0.0416667
12 0.2 0.125
12 0.2 0
12 0.2 0.0416667
12 0.2 0
12 0.2 0
12 0.2 0
12 0.2 0.0416667
12 0.2 0.0416667
12 0.2 0.0833333
12 0.2 0.0416667
12 0.2 0
12 0.2 0.0416667
12 0.2 0
12 0.2 0.0833333
12 0.2 0
12 0.2 0.0833333
12 0.2 0
12 0.2 0.0416667
12 0.2 0
12 0.2 0.0416667
12 0.2 0
12 0.2 0.0833333
12 0.2 0.0416667
12 0.2 0.0416667
12 0.2 0.125
12 0.2 0
12 0.2 0.0833333
12 0.2 0
12 0.2 0.0833333
12 0.2 0
12 0.2 0
12 0.2 0
12 0.2 0
12 0.2 0.0416667
12 0.2 0
12 0.2 0.125
12 0.2 0.0833333
12 0.2 0.0833333
12 0.2 0.0833333
12 0.2 0
12 0.2 0.0833333
12 0.2 0.208333
12 0.2 0.0833333
12 0.2 0.0416667
12 0.2 0.0416667
12 0.2 0.125
12 0.2 0.0833333
12 0.2 0.0833333
12 0.2 0.0833333
12 0.2 0.125
12 0.2 0.0833333
12 0.2 0.0416667
12 0.2 0.0833333
12 0.2 0.0416667
12 0.2 0.0833333
12 0.2 0.166667
12 0.2 0.0833333
12 0.2 0.166667
12 0.2 0.0833333
12 0.2 0.208333
12 0.2 0.208333
12 0.2 0.166667
12 0.2 0.125
12 0.2 0.0833333
12 0.2 0.0833333
12 0.2 0.166667
12 0.2 0.125
12 0.2 0.0833333
12 0.2 0.0416667
12 0.2 0.0833333
12 0.2 0.125
12 0.2 0.0833333
12 0.2 0.0833333
12 0.2 0
12 0.2 0.0416667
12 0.2 0
12 0.2 0
12 0.2 0.0416667
12 0.2 0.0833333
12 0.2 0.0833333
12 0.2 0.0833333
12 0.2 0.0833333
12 0.2 0.166667
12 0.2 0.0833333
12 0.2 0.166667
12 0.2 0.0416667
12 0.2 0.0833333
12 0.2 0.0416667
12 0.2 0.0833333
12 0.2 0.0833333
12 0.2 0.0416667
12 0.2 0.291667
12 0.2 0.166667
12 0.2 0.0833333
12 0.2 0.166667
12 0.2 0.0833333
12 0.2 0.208333
12 0.2 0.0833333
12 0.2 0.125
12 0.2 0
12 0.2 0.125
12 0.2 0.0416667
12 0.2 0.0416667
12 0.2 0.0416667
12 0.2 0.125
12 0.2 0.0833333
12 0.2 0.0833333
12 0.2 0.125
12 0.2 0.0833333
12 0.2 0.125
12 0.2 0.125
12 0.2 0.166667
12 0.2 0.0833333
12 0.2 0.0416667
12 0.2 0.125
12 0.2 0.125
12 0.2 0.125
12 0.2 0.166667
12 0.2 0.0833333
12 0.2 0.0416667
12 0.2 0.0833333
12 0.2 0.125
12 0.2 0.208333
12 0.2 0.0833333
12 0.2 0.0833333
12 0.2 0.0416667
12 0.2 0.0833333
12 0.2 0.125
12 0.2 0.125
12 0.2 0.0416667
12 0.2 0.166667
12 0.2 0.125
12 0.2 0.0833333
12 0.2 0.0833333
12 0.2 0.0833333
12 0.2 0.125
12 0.2 0.0416667
12 0.2 0.0833333
12 0.2 0.125
12 0.2 0.166667
12 0.2 0.125
12 0.2 0.0833333
12 0.2 0.0833333
12 0.2 0.0416667
12 0.2 0.0833333
12 0.2 0.0833333
12 0.2 0.0416667
12 0.2 0.0833333
12 0.2 0.166667
12 0.2 0.166667
12 0.2 0.166667
12 0.2 0.0416667
12 0.2 0.0833333
12 0.2 0.125
12 0.2 0.125
12 0.2 0.0833333
12 0.2 0.0416667
12 0.2 0.0833333
12 0.2 0.0833333
12 0.2 0.0833333
12 0.2 0.125
12 0.2 0.125
12 0.2 0.125
12 0.2 0.166667
12 0.2 0.125
12 0.2 0.0833333
12 0.2 0.166667
12 0.2 0.0833333
12 0.2 0.125
12 0.2 0.0416667
12 0.2 0.0416667
12 0.2 0.166667
12 0.2 0.0833333
12 0.2 0.0416667
12 0.2 0.0833333
12 0.2 0.0416667
12 0.2 0.166667
12 0.2 0.0416667
12 0.2 0.125
12 0.2 0.125
12 0.2 0.208333
12 0.2 0.0833333
12 0.2 0.166667
12 0.2 0.166667
12 0.2 0.0833333
12 0.2 0.0833333
12 0.2 0.333333
12 0.2 0.125
12 0.2 0.166667
12 0.2 0.166667
12 0.2 0.166667
12 0.2 0.125
12 0.2 0.0833333
12 0.2 0.125
12 0.2 0.166667
12 0.2 0.0833333
12 0.2 0.0833333
12 0.2 0.166667
12 0.2 0.125
12 0.2 0.125
12 0.2 0.166667
12 0.2 0.208333
12 0.2 0.125
12 0.2 0.125
12 0.2 0.166667
12 0.2 0.0416667
12 0.2 0.166667
12 0.2 0.0416667
12 0.2 0.0416667
12 0.2 0.0833333
12 0.2 0.208333
12 0.2 0.125
12 0.2 0.0833333
12 0.2 0.0833333
12 0.2 0.0833333
12 0.2 0.166667
12 0.2 0.166667
12 0.2 0.166667
12 0.2 0.208333
12 0.2 0.0416667
12 0.2 0.166667
12 0.2 0.0833333
12 0.2 0.125
12 0.2 0.0833333
12 0.2 0.166667
12 0.2 0.125
12 0.2 0.166667
12 0.2 0.0833333
12 0.2 0.166667
12 0.2 0.0833333
12 0.2 0.208333
12 0.2 0.0833333
12 0.2 0.0833333
12 0.2 0.0833333
12 0.2 0.166667
12 0.2 0.125
12 0.2 0.208333
12 0.2 0.125
12 0.2 0.208333
12 0.2 0.125
12 0.2 0.125
12 0.2 0.291667
12 0.2 0.166667
12 0.2 0.0833333
12 0.2 0.125
12 0.2 0.0833333
12 0.2 0.0833333
12 0.2 0.166667
12 0.2 0.291667
12 0.2 0.125
12 0.2 0.0833333
12 0.2 0.208333
12 0.2 0.208333
12 0.2 0.208333
12 0.2 0.125
12 0.2 0.125
12 0.2 0.166667
12 0.2 0.125
12 0.2 0.125
12 0.2 0.125
12 0.2 0.125
12 0.2 0.208333
12 0.2 0.125
12 0.2 0.0833333
12 0.2 0.208333
12 0.2 0.0833333
12 0.2 0.125
12 0.2 0.166667
12 0.2 0.125
12 0.2 0.25
12 0.2 0.125
12 0.2 0.166667
12 0.2 0.166667
12 0.2 0.125
12 0.2 0.166667
12 0.2 0.166667
12 0.2 0.166667
12 0.2 0.166667
12 0.2 0.166667
12 0.2 0.208333
12 0.2 0.125
12 0.2 0.208333
12 0.2 0.166667
12 0.2 0.291667
12 0.2 0.125
12 0.2 0.125
12 0.2 0.125
12 0.2 0.208333
12 0.2 0.0833333
12 0.2 0.0833333
12 0.2 0.166667
12 0.2 0.166667
12 0.2 0.208333
12 0.2 0.25
12 0.2 0.166667
12 0.2 0.291667
12 0.2 0.208333
12 0.2 0.166667
12 0.2 0.333333
12 0.2 0.25
12 0.2 0.25
12 0.2 0.291667
20 0.2 0.0416667
20 0.2 0.0833333
20 0.2 0
20 0.2 0
20 0.2 0.0416667
20 0.2 0
20 0.2 0
20 0.2 0.0833333
20 0.2 0
20 0.2 0.0416667
20 0.2 0.0416667
20 0.2 0.0416667
20 0.2 0
20 0.2 0
20 0.2 0
20 0.2 0
20 0.2 0
20 0.2 0
20 0.2 0.0833333
20 0.2 0.0416667
20 0.2 0.0416667
20 0.2 0
20 0.2 0.0416667
20 0.2 0.0416667
20 0.2 0
20 0.2 0.0416667
20 0.2 0.0416667
20 0.2 0.0416667
20 0.2 0
20 0.2 0.0416667
20 0.2 0.0416667
20 0.2 0.0416667
20 0.2 0
20 0.2 0
20 0.2 0.0416667
20 0.2 0.0833333
20 0.2 0.0416667
20 0.2 0.0833333
20 0.2 0
20 0.2 0
20 0.2 0
20 0.2 0
20 0.2 0
20 0.2 0.0833333
20 0.2 0
20 0.2 0.0416667
20 0.2 0
20 0.2 0
20 0.2 0.0416667
20 0.2 0
20 0.2 0
20 0.2 0
20 0.2 0.0416667
20 0.2 0
20 0.2 0
20 0.2 0.0416667
20 0.2 0
20 0.2 0
20 0.2 0
20 0.2 0
20 0.2 0
20 0.2 0
20 0.2 0
20 0.2 0.0416667
20 0.2 0
20 0.2 0
20 0.2 0
20 0.2 0
20 0.2 0
20 0.2 0.0416667
20 0.2 0.0416667
20 0.2 0
20 0.2 0.0416667
20 0.2 0.0416667
20 0.2 0
20 0.2 0
20 0.2 0
20 0.2 0.0833333
20 0.2 0.0416667
20 0.2 0.0833333
20 0.2 0.0416667
20 0.2 0.0833333
20 0.2 0
20 0.2 0.0833333
20 0.2 0.0416667
20 0.2 0.0416667
20 0.2 0
20 0.2 0
20 0.2 0.0416667
20 0.2 0
20 0.2 0.0833333
20 0.2 0
20 0.2 0.0833333
20 0.2 0.0416667
20 0.2 0.0416667
20 0.2 0
20 0.2 0
20 0.2 0.0416667
20 0.2 0.0416667
20 0.2 0
20 0.2 0.0833333
20 0.2 0
20 0.2 0
20 0.2 0.0416667
20 0.2 0.0416667
20 0.2 0
20 0.2 0
20 0.2 0.0416667
20 0.2 0
20 0.2 0.0416667
20 0.2 0.0833333
20 0.2 0.125
20 0.2 0.0416667
20 0.2 0.208333
20 0.2 0.0416667
20 0.2 0.0416667
20 0.2 0.0416667
20 0.2 0.0416667
20 0.2 0.125
20 0.2 0.166667
20 0.2 0.0416667
20 0.2 0.0833333
20 0.2 0.0416667
20 0.2 0.0416667
20 0.2 0.125
20 0.2 0.0416667
20 0.2 0.0416667
20 0.2 0.0833333
20 0.2 0.0833333
20 0.2 0.0416667
20 0.2 0.0833333
20 0.2 0.125
20 0.2 0.0833333
20 0.2 0.0833333
20 0.2 0.125
20 0.2 0.0833333
20 0.2 0.125
20 0.2 0.0416667
20 0.2 0.125
20 0.2 0.0833333
20 0.2 0.0833333
20 0.2 0.0833333
20 0.2 0.0833333
20 0.2 0.125
20 0.2 0.0416667
20 0.2 0.0416667
20 0.2 0.125
20 0.2 0.0416667
20 0.2 0.0833333
20 0.2 0.0416667
20 0.2 0.0416667
20 0.2 0.0416667
20 0.2 0.0416667
20 0.2 0.0833333
20 0.2 0.0416667
20 0.2 0.0416667
20 0.2 0.125
20 0.2 0.0833333
20 0.2 0.0416667
20 0.2 0.0416667
20 0.2 0.0833333
20 0.2 0.0833333
20 0.2 0.125
20 0.2 0.125
20 0.2 0.0833333
20 0.2 0.0416667
20 0.2 0.0416667
20 0.2 0.125
20 0.2 0.0416667
20 0.2 0.0833333
20 0.2 0.0833333
20 0.2 0.0833333
20 0.2 0.0833333
20 0.2 0.125
20 0.2 0.0833333
20 0.2 0.0416667
20 0.2 0.0416667
20 0.2 0.0833333
20 0.2 0.0416667
20 0.2 0.0416667
20 0.2 0.0833333
20 0.2 0.0416667
20 0.2 0.0416667
20 0.2 0.125
20 0.2 0.0416667
20 0.2 0.0833333
20 0.2 0.0833333
20 0.2 0.0416667
20 0.2 0.0416667
20 0.2 0.0833333
20 0.2 0.0416667
20 0.2 0.0833333
20 0.2 0.0416667
20 0.2 0.125
20 0.2 0.0416667
20 0.2 0.0833333
20 0.2 0.0833333
20 0.2 0.125
20 0.2 0.0833333
20 0.2 0.0833333
20 0.2 0.0416667
20 0.2 0.0833333
20 0.2 0.0833333
20 0.2 0.125
20 0.2 0.0416667
20 0.2 0.0833333
20 0.2 0.0833333
20 0.2 0.125
20 0.2 0.125
20 0.2 0.0416667
20 0.2 0.125
20 0.2 0.166667
20 0.2 0.0833333
20 0.2 0.0833333
20 0.2 0.166667
20 0.2 0.0416667
20 0.2 0.0833333
20 0.2 0.0416667
20 0.2 0.0416667
20 0.2 0.0416667
20 0.2 0.125
20 0.2 0.0833333
20 0.2 0.0416667
20 0.2 0.0833333
20 0.2 0.125
20 0.2 0.208333
20 0.2 0.0833333
20 0.2 0.0833333
20 0.2 0.0833333
20 0.2 0.0833333
20 0.2 0.0416667
20 0.2 0.0833333
20 0.2 0.0416667
20 0.2 0.0833333
20 0.2 0.0833333
20 0.2 0.125
20 0.2 0.0416667
20 0.2 0.0833333
20 0.2 0.0833333
20 0.2 0.125
20 0.2 0.0833333
20 0.2 0.0833333
20 0.2 0.0416667
20 0.2 0.0833333
20 0.2 0.0416667
20 0.2 0.0416667
20 0.2 0.0416667
20 0.2 0.0833333
20 0.2 0.0416667
20 0.2 0.125
20 0.2 0.0416667
20 0.2 0.125
20 0.2 0.0416667
20 0.2 0.0833333
20 0.2 0.0416667
20 0.2 0.0833333
20 0.2 0.166667
20 0.2 0.125
20 0.2 0.0416667
20 0.2 0.125
20 0.2 0.0833333
20 0.2 0.0833333
20 0.2 0.166667
20 0.2 0.0833333
20 0.2 0.0833333
20 0.2 0.125
20 0.2 0.0416667
20 0.2 0.0833333
20 0.2 0.125
20 0.2 0.208333
20 0.2 0.0833333
20 0.2 0.0833333
20 0.2 0.166667
20 0.2 0.25
20 0.2 0.166667
20 0.2 0.125
20 0.2 0.166667
20 0.2 0.125
20 0.2 0.125
20 0.2 0.0833333
20 0.2 0.125
20 0.2 0.208333
20 0.2 0.208333
20 0.2 0.166667
20 0.2 0.166667
20 0.2 0.166667
20 0.2 0.166667
20 0.2 0.166667
20 0.2 0.125
20 0.2 0.0833333
20 0.2 0.125
20 0.2 0.0833333
20 0.2 0.166667
20 0.2 0.125
20 0.2 0.0833333
20 0.2 0.125
20 0.2 0.0833333
20 0.2 0.125
20 0.2 0.208333
20 0.2 0.0833333
20 0.2 0.0833333
20 0.2 0.0833333
20 0.2 0.125
20 0.2 0.0833333
20 0.2 0.166667
20 0.2 0.125
20 0.2 0.125
20 0.2 0.125
20 0.2 0.125
20 0.2 0.125
20 0.2 0.166667
20 0.2 0.208333
20 0.2 0.208333
20 0.2 0.125
20 0.2 0.125
20 0.2 0.125
20 0.2 0.166667
20 0.2 0.166667
20 0.2 0.0833333
20 0.2 0.125
20 0.2 0.166667
20 0.2 0.208333
20 0.2 0.125
20 0.2 0.166667
20 0.2 0.125
20 0.2 0.125
20 0.2 0.166667
20 0.2 0.0833333
20 0.2 0.166667
20 0.2 0.125
20 0.2 0.125
20 0.2 0.166667
20 0.2 0.125
20 0.2 0.125
20 0.2 0.0833333
20 0.2 0.25
20 0.2 0.208333
20 0.2 0.166667
20 0.2 0.125
20 0.2 0.125
20 0.2 0.125
20 0.2 0.166667
20 0.2 0.166667
20 0.2 0.166667
20 0.2 0.125
20 0.2 0.0833333
20 0.2 0.208333
20 0.2 0.208333
20 0.2 0.166667
20 0.2 0.166667
20 0.2 0.166667
20 0.2 0.208333
20 0.2 0.125
20 0.2 0.166667
20 0.2 0.166667
20 0.2 0.166667
20 0.2 0.166667
20 0.2 0.166667
20 0.2 0.125
20 0.2 0.208333
28 0.2 0
28 0.2 0.0416667
28 0.2 0.0416667
28 0.2 0.0833333
28 0.2 0
28 0.2 0
28 0.2 0
28 0.2 0
28 0.2 0.0416667
28 0.2 0
28 0.2 0.0833333
28 0.2 0
28 0.2 0
28 0.2 0
28 0.2 0.0833333
28 0.2 0
28 0.2 0
28 0.2 0.125
28 0.2 0
28 0.2 0
28 0.2 0
28 0.2 0.0833333
28 0.2 0
28 0.2 0
28 0.2 0
28 0.2 0.0833333
28 0.2 0
28 0.2 0.0833333
28 0.2 0
28 0.2 0
28 0.2 0.125
28 0.2 0
28 0.2 0
28 0.2 0.0416667
28 0.2 0.0833333
28 0.2 0.0416667
28 0.2 0
28 0.2 0
28 0.2 0.0416667
28 0.2 0
28 0.2 0
28 0.2 0.0416667
28 0.2 0
28 0.2 0
28 0.2 0.0416667
28 0.2 0
28 0.2 0
28 0.2 0.0833333
28 0.2 0.0416667
28 0.2 0.0833333
28 0.2 0
28 0.2 0.125
28 0.2 0
28 0.2 0.125
28 0.2 0
28 0.2 0
28 0.2 0.0416667
28 0.2 0.0416667
28 0.2 0.0416667
28 0.2 0.0416667
28 0.2 0
28 0.2 0
28 0.2 0.0416667
28 0.2 0
28 0.2 0.0416667
28 0.2 0
28 0.2 0
28 0.2 0.0416667
28 0.2 0
28 0.2 0
28 0.2 0.0416667
28 0.2 0.0416667
28 0.2 0
28 0.2 0
28 0.2 0
28 0.2 0
28 0.2 0.0416667
28 0.2 0.0416667
28 0.2 0
28 0.2 0
28 0.2 0.0416667
28 0.2 0
28 0.2 0
28 0.2 0
28 0.2 0
28 0.2 0.0416667
28 0.2 0.0416667
28 0.2 0
28 0.2 0.125
28 0.2 0
28 0.2 0.0416667
28 0.2 0
28 0.2 0.125
28 0.2 0
28 0.2 0.125
28 0.2 0.0416667
28 0.2 0.0416667
28 0.2 0.0416667
28 0.2 0.0833333
28 0.2 0
28 0.2 0.0416667
28 0.2 0
28 0.2 0.0416667
28 0.2 0.0833333
28 0.2 0.0416667
28 0.2 0
28 0.2 0.0416667
28 0.2 0.0416667
28 0.2 0.0416667
28 0.2 0
28 0.2 0.0416667
28 0.2 0.0833333
28 0.2 0.0416667
28 0.2 0.0833333
28 0.2 0.0416667
28 0.2 0.0416667
28 0.2 0
28 0.2 0
28 0.2 0.0416667
28 0.2 0.125
28 0.2 0.0833333
28 0.2 0.125
28 0.2 0.125
28 0.2 0.0416667
28 0.2 0.0416667
28 0.2 0.0833333
28 0.2 0.125
28 0.2 0.0833333
28 0.2 0.0833333
28 0.2 0.0833333
28 0.2 0.0416667
28 0.2 0.125
28 0.2 0.0833333
28 0.2 0.0833333
28 0.2 0.0416667
28 0.2 0.0416667
28 0.2 0.0833333
28 0.2 0.125
28 0.2 0.125
28 0.2 0.0416667
28 0.2 0.125
28 0.2 0.0416667
28 0.2 0.0416667
28 0.2 0.0833333
28 0.2 0.0416667
28 0.2 0.0833333
28 0.2 0.125
28 0.2 0.125
28 0.2 0.0416667
28 0.2 0.0833333
28 0.2 0.0833333
28 0.2 0.125
28 0.2 0.125
28 0.2 0.0833333
28 0.2 0.0416667
28 0.2 0.0833333
28 0.2 0.125
28 0.2 0.0833333
28 0.2 0.0833333
28 0.2 0.0416667
28 0.2 0.0416667
28 0.2 0.0833333
28 0.2 0.0416667
28 0.2 0.125
28 0.2 0.0416667
28 0.2 0.0416667
28 0.2 0.125
28 0.2 0.0416667
28 0.2 0.0416667
28 0.2 0.0833333
28 0.2 0.0416667
28 0.2 0.0416667
28 0.2 0.0416667
28 0.2 0.0416667
28 0.2 0.0833333
28 0.2 0.0833333
28 0.2 0.0833333
28 0.2 0.0833333
28 0.2 0.0833333
28 0.2 0.125
28 0.2 0.0833333
28 0.2 0.0416667
28 0.2 0.0833333
28 0.2 0.0833333
28 0.2 0.0833333
28 0.2 0.0416667
28 0.2 0.166667
28 0.2 0.0833333
28 0.2 0.0833333
28 0.2 0.166667
28 0.2 0.166667
28 0.2 0.0416667
28 0.2 0.125
28 0.2 0.0833333
28 0.2 0.166667
28 0.2 0.0416667
28 0.2 0.0833333
28 0.2 0.0833333
28 0.2 0.0416667
28 0.2 0.125
28 0.2 0.125
28 0.2 0.0833333
28 0.2 0.0833333
28 0.2 0.0416667
28 0.2 0.125
28 0.2 0.125
28 0.2 0.0416667
28 0.2 0.0833333
28 0.2 0.0416667
28 0.2 0.0833333
28 0.2 0.0416667
28 0.2 0.0416667
28 0.2 0.0833333
28 0.2 0.0416667
28 0.2 0.0416667
28 0.2 0.0833333
28 0.2 0.125
28 0.2 0.0833333
28 0.2 0.0833333
28 0.2 0.0416667
28 0.2 0.208333
28 0.2 0.125
28 0.2 0.0833333
28 0.2 0.125
28 0.2 0.0833333
28 0.2 0.125
28 0.2 0.125
28 0.2 0.125
28 0.2 0.0416667
28 0.2 0.0833333
28 0.2 0.0416667
28 0.2 0.0833333
28 0.2 0.125
28 0.2 0.125
28 0.2 0.125
28 0.2 0.125
28 0.2 0.166667
28 0.2 0.0416667
28 0.2 0.166667
28 0.2 0.0416667
28 0.2 0.0416667
28 0.2 0.125
28 0.2 0.166667
28 0.2 0.208333
28 0.2 0.0833333
28 0.2 0.125
28 0.2 0.0833333
28 0.2 0.166667
28 0.2 0.0416667
28 0.2 0.125
28 0.2 0.0833333
28 0.2 0.0416667
28 0.2 0.0416667
28 0.2 0.0833333
28 0.2 0.0833333
28 0.2 0.125
28 0.2 0.0833333
28 0.2 0.0833333
28 0.2 0.0833333
28 0.2 0.125
28 0.2 0.166667
28 0.2 0.166667
28 0.2 0.0833333
28 0.2 0.125
28 0.2 0.0416667
28 0.2 0.0833333
28 0.2 0.0416667
28 0.2 0.125
28 0.2 0.0833333
28 0.2 0.0833333
28 0.2 0.0833333
28 0.2 0.0833333
28 0.2 0.0416667
28 0.2 0.0833333
28 0.2 0.125
28 0.2 0.125
28 0.2 0.125
28 0.2 0.0416667
28 0.2 0.0416667
28 0.2 0.0416667
28 0.2 0.0833333
28 0.2 0.0833333
28 0.2 0.0416667
28 0.2 0.166667
28 0.2 0.125
28 0.2 0.0833333
28 0.2 0.0416667
28 0.2 0.125
28 0.2 0.125
28 0.2 0.125
28 0.2 0.166667
28 0.2 0.125
28 0.2 0.125
28 0.2 0.125
28 0.2 0.125
28 0.2 0.0833333
28 0.2 0.208333
28 0.2 0.125
28 0.2 0.208333
28 0.2 0.0833333
28 0.2 0.208333
28 0.2 0.125
28 0.2 0.0833333
28 0.2 0.0833333
28 0.2 0.166667
28 0.2 0.166667
28 0.2 0.125
28 0.2 0.125
28 0.2 0.208333
28 0.2 0.166667
28 0.2 0.166667
28 0.2 0.125
28 0.2 0.125
28 0.2 0.125
28 0.2 0.0833333
28 0.2 0.0833333
28 0.2 0.0833333
28 0.2 0.0833333
28 0.2 0.125
28 0.2 0.166667
28 0.2 0.125
28 0.2 0.166667
28 0.2 0.166667
28 0.2 0.125
28 0.2 0.166667
28 0.2 0.0833333
28 0.2 0.125
28 0.2 0.125
28 0.2 0.0833333
28 0.2 0.166667
28 0.2 0.125
28 0.2 0.208333
28 0.2 0.125
28 0.2 0.25
28 0.2 0.166667
28 0.2 0.0833333
28 0.2 0.208333
28 0.2 0.208333
28 0.2 0.0833333
28 0.2 0.125
28 0.2 0.0833333
28 0.2 0.208333
28 0.2 0.125
28 0.2 0.0833333
28 0.2 0.208333
28 0.2 0.0833333
28 0.2 0.125
28 0.2 0.166667
28 0.2 0.125
28 0.2 0.125
28 0.2 0.166667
28 0.2 0.0833333
28 0.2 0.166667
28 0.2 0.208333
28 0.2 0.208333
28 0.2 0.125
28 0.2 0.25
28 0.2 0.25
28 0.2 0.125
28 0.2 0.166667
36 0.2 0
36 0.2 0.0416667
36 0.2 0.0416667
36 0.2 0
36 0.2 0
36 0.2 0
36 0.2 0
36 0.2 0
36 0.2 0
36 0.2 0.0833333
36 0.2 0
36 0.2 0
36 0.2 0.0833333
36 0.2 0
36 0.2 0.0416667
36 0.2 0
36 0.2 0
36 0.2 0
36 0.2 0
36 0.2 0
36 0.2 0
36 0.2 0
36 0.2 0.0416667
36 0.2 0
36 0.2 0
36 0.2 0
36 0.2 0
36 0.2 0.0416667
36 0.2 0
36 0.2 0
36 0.2 0
36 0.2 0.0416667
36 0.2 0.0416667
36 0.2 0.0416667
36 0.2 0
36 0.2 0.0416667
36 0.2 0.0416667
36 0.2 0
36 0.2 0
36 0.2 0
36 0.2 0.0416667
36 0.2 0
36 0.2 0
36 0.2 0
36 0.2 0.0416667
36 0.2 0
36 0.2 0.0416667
36 0.2 0.0833333
36 0.2 0
36 0.2 0
36 0.2 0.0416667
36 0.2 0
36 0.2 0.0416667
36 0.2 0.125
36 0.2 0.0416667
36 0.2 0
36 0.2 0
36 0.2 0
36 0.2 0.166667
36 0.2 0
36 0.2 0
36 0.2 0
36 0.2 0
36 0.2 0
36 0.2 0
36 0.2 0.0416667
36 0.2 0.0416667
36 0.2 0.125
36 0.2 0.0416667
36 0.2 0
36 0.2 0
36 0.2 0.0833333
36 0.2 0.0416667
36 0.2 0
36 0.2 0
36 0.2 0
36 0.2 0.0416667
36 0.2 0
36 0.2 0.0416667
36 0.2 0
36 0.2 0.0416667
36 0.2 0
36 0.2 0.0833333
36 0.2 0
36 0.2 0.0416667
36 0.2 0
36 0.2 0.0416667
36 0.2 0
36 0.2 0
36 0.2 0
36 0.2 0.0833333
36 0.2 0
36 0.2 0
36 0.2 0
36 0.2 0
36 0.2 0
36 0.2 0
36 0.2 0
36 0.2 0.0833333
36 0.2 0.0416667
36 0.2 0.0833333
36 0.2 0.0833333
36 0.2 0.0416667
36 0.2 0.0416667
36 0.2 0.125
36 0.2 0.0416667
36 0.2 0.0416667
36 0.2 0.0833333
36 0.2 0.0833333
36 0.2 0.0416667
36 0.2 0.0833333
36 0.2 0.0833333
36 0.2 0.125
36 0.2 0.0833333
36 0.2 0.125
36 0.2 0.166667
36 0.2 0.0833333
36 0.2 0.0416667
36 0.2 0.0833333
36 0.2 0.0833333
36 0.2 0.0416667
36 0.2 0.0416667
36 0.2 0.0416667
36 0.2 0.0833333
36 0.2 0.0416667
36 0.2 0.0833333
36 0.2 0.0416667
36 0.2 0.0416667
36 0.2 0.0416667
36 0.2 0.0416667
36 0.2 0.125
36 0.2 0.0833333
36 0.2 0.0416667
36 0.2 0.0416667
36 0.2 0.0416667
36 0.2 0.0833333
36 0.2 0.125
36 0.2 0.0416667
36 0.2 0.0416667
36 0.2 0.0416667
36 0.2 0.0416667
36 0.2 0.0833333
36 0.2 0.0416667
36 0.2 0.0833333
36 0.2 0.0833333
36 0.2 0.125
36 0.2 0.0416667
36 0.2 0.0416667
36 0.2 0.125
36 0.2 0.0416667
36 0.2 0.0833333
36 0.2 0.0416667
36 0.2 0.0833333
36 0.2 0.0833333
36 0.2 0.0833333
36 0.2 0.0416667
36 0.2 0.125
36 0.2 0.0416667
36 0.2 0.125
36 0.2 0.0416667
36 0.2 0.125
36 0.2 0.166667
36 0.2 0.0833333
36 0.2 0.125
36 0.2 0.0833333
36 0.2 0.0416667
36 0.2 0.0416667
36 0.2 0.0416667
36 0.2 0.0416667
36 0.2 0.125
36 0.2 0.0416667
36 0.2 0.0833333
36 0.2 0.0833333
36 0.2 0.0833333
36 0.2 0.0416667
36 0.2 0.0416667
36 0.2 0.0416667
36 0.2 0.0416667
36 0.2 0.0833333
36 0.2 0.0833333
36 0.2 0.0416667
36 0.2 0.0416667
36 0.2 0.0416667
36 0.2 0.0416667
36 0.2 0.125
36 0.2 0.125
36 0.2 0.125
36 0.2 0.125
36 0.2 0.0416667
36 0.2 0.0833333
36 0.2 0.0833333
36 0.2 0.0833333
36 0.2 0.0416667
36 0.2 0.0833333
36 0.2 0.166667
36 0.2 0.166667
36 0.2 0.0833333
36 0.2 0.0833333
36 0.2 0.125
36 0.2 0.0833333
36 0.2 0.0833333
36 0.2 0.0416667
36 0.2 0.0833333
36 0.2 0.166667
36 0.2 0.0416667
36 0.2 0.0416667
36 0.2 0.0416667
36 0.2 0.0416667
36 0.2 0.125
36 0.2 0.125
36 0.2 0.0416667
36 0.2 0.166667
36 0.2 0.0833333
36 0.2 0.0416667
36 0.2 0.0416667
36 0.2 0.125
36 0.2 0.0833333
36 0.2 0.0416667
36 0.2 0.0416667
36 0.2 0.125
36 0.2 0.166667
36 0.2 0.125
36 0.2 0.0833333
36 0.2 0.0833333
36 0.2 0.0416667
36 0.2 0.0416667
36 0.2 0.0833333
36 0.2 0.125
36 0.2 0.0833333
36 0.2 0.0833333
36 0.2 0.0416667
36 0.2 0.0416667
36 0.2 0.0833333
36 0.2 0.0833333
36 0.2 0.0416667
36 0.2 0.208333
36 0.2 0.125
36 0.2 0.0416667
36 0.2 0.0833333
36 0.2 0.125
36 0.2 0.0833333
36 0.2 0.0416667
36 0.2 0.0416667
36 0.2 0.125
36 0.2 0.0833333
36 0.2 0.125
36 0.2 0.0416667
36 0.2 0.0833333
36 0.2 0.0833333
36 0.2 0.0833333
36 0.2 0.0833333
36 0.2 0.125
36 0.2 0.125
36 0.2 0.125
36 0.2 0.0833333
36 0.2 0.0833333
36 0.2 0.0833333
36 0.2 0.125
36 0.2 0.0416667
36 0.2 0.0416667
36 0.2 0.0833333
36 0.2 0.125
36 0.2 0.125
36 0.2 0.125
36 0.2 0.0833333
36 0.2 0.166667
36 0.2 0.0833333
36 0.2 0.0833333
36 0.2 0.125
36 0.2 0.166667
36 0.2 0.0833333
36 0.2 0.0833333
36 0.2 0.0833333
36 0.2 0.0416667
36 0.2 0.0833333
36 0.2 0.166667
36 0.2 0.0833333
36 0.2 0.0416667
36 0.2 0.125
36 0.2 0.125
36 0.2 0.166667
36 0.2 0.166667
36 0.2 0.125
36 0.2 0.166667
36 0.2 0.125
36 0.2 0.0416667
36 0.2 0.125
36 0.2 0.166667
36 0.2 0.125
36 0.2 0.166667
36 0.2 0.125
36 0.2 0.0833333
36 0.2 0.166667
36 0.2 0.0833333
36 0.2 0.208333
36 0.2 0.166667
36 0.2 0.0833333
36 0.2 0.125
36 0.2 0.125
36 0.2 0.125
36 0.2 0.0833333
36 0.2 0.125
36 0.2 0.0833333
36 0.2 0.166667
36 0.2 0.166667
36 0.2 0.208333
36 0.2 0.166667
36 0.2 0.125
36 0.2 0.166667
36 0.2 0.0833333
36 0.2 0.125
36 0.2 0.0833333
36 0.2 0.166667
36 0.2 0.208333
36 0.2 0.125
36 0.2 0.166667
36 0.2 0.0833333
36 0.2 0.125
36 0.2 0.166667
36 0.2 0.208333
36 0.2 0.208333
36 0.2 0.166667
36 0.2 0.208333
36 0.2 0.125
36 0.2 0.125
36 0.2 0.0833333
36 0.2 0.208333
36 0.2 0.0833333
36 0.2 0.125
36 0.2 0.125
36 0.2 0.125
36 0.2 0.0833333
36 0.2 0.125
36 0.2 0.166667
36 0.2 0.0833333
36 0.2 0.125
36 0.2 0.125
36 0.2 0.125
36 0.2 0.125
36 0.2 0.125
36 0.2 0.166667
36 0.2 0.166667
36 0.2 0.125
36 0.2 0.125
36 0.2 0.166667
36 0.2 0.208333
36 0.2 0.125
36 0.2 0.166667
36 0.2 0.125
36 0.2 0.125
36 0.2 0.166667
36 0.2 0.208333
36 0.2 0.166667
36 0.2 0.125
36 0.2 0.125
36 0.2 0.166667
36 0.2 0.166667
36 0.2 0.125
36 0.2 0.25
36 0.2 0.208333
44 0.2 0.0416667
44 0.2 0.0416667
44 0.2 0.0833333
44 0.2 0
44 0.2 0
44 0.2 0.0833333
44 0.2 0
44 0.2 0
44 0.2 0
44 0.2 0.0833333
44 0.2 0.0416667
44 0.2 0
44 0.2 0
44 0.2 0.0833333
44 0.2 0.0416667
44 0.2 0
44 0.2 0.0416667
44 0.2 0
44 0.2 0
44 0.2 0.0416667
44 0.2 0.0416667
44 0.2 0
44 0.2 0.0416667
44 0.2 0
44 0.2 0.125
44 0.2 0
44 0.2 0.0833333
44 0.2 0
44 0.2 0.0416667
44 0.2 0
44 0.2 0.0416667
44 0.2 0
44 0.2 0.0833333
44 0.2 0.0416667
44 0.2 0.0416667
44 0.2 0.0416667
44 0.2 0
44 0.2 0
44 0.2 0
44 0.2 0
44 0.2 0.0416667
44 0.2 0
44 0.2 0.0416667
44 0.2 0
44 0.2 0
44 0.2 0
44 0.2 0
44 0.2 0
44 0.2 0
44 0.2 0
44 0.2 0
44 0.2 0.0416667
44 0.2 0.0416667
44 0.2 0.0833333
44 0.2 0
44 0.2 0.0416667
44 0.2 0
44 0.2 0
44 0.2 0
44 0.2 0
44 0.2 0.0416667
44 0.2 0.0833333
44 0.2 0.0416667
44 0.2 0
44 0.2 0
44 0.2 0.0416667
44 0.2 0
44 0.2 0.0416667
44 0.2 0
44 0.2 0
44 0.2 0
44 0.2 0
44 0.2 0.0416667
44 0.2 0.0416667
44 0.2 0
44 0.2 0
44 0.2 0.0416667
44 0.2 0
44 0.2 0.125
44 0.2 0.0833333
44 0.2 0
44 0.2 0
44 0.2 0
44 0.2 0
44 0.2 0
44 0.2 0.0416667
44 0.2 0
44 0.2 0
44 0.2 0
44 0.2 0
44 0.2 0
44 0.2 0.0416667
44 0.2 0
44 0.2 0.0416667
44 0.2 0
44 0.2 0.0416667
44 0.2 0.0416667
44 0.2 0.0416667
44 0.2 0
44 0.2 0
44 0.2 0.0833333
44 0.2 0.0416667
44 0.2 0
44 0.2 0.0416667
44 0.2 0
44 0.2 0
44 0.2 0
44 0.2 0
44 0.2 0
44 0.2 0
44 0.2 0.125
44 0.2 0
44 0.2 0.0416667
44 0.2 0
44 0.2 0
44 0.2 0.0416667
44 0.2 0
44 0.2 0.0416667
44 0.2 0
44 0.2 0
44 0.2 0
44 0.2 0.0833333
44 0.2 0
44 0.2 0.0833333
44 0.2 0
44 0.2 0
44 0.2 0
44 0.2 0
44 0.2 0.0833333
44 0.2 0.0416667
44 0.2 0.0833333
44 0.2 0.0833333
44 0.2 0.0833333
44 0.2 0.0416667
44 0.2 0.0833333
44 0.2 0.0416667
44 0.2 0.0416667
44 0.2 0.0833333
44 0.2 0.0416667
44 0.2 0.0416667
44 0.2 0.0833333
44 0.2 0.0416667
44 0.2 0.0833333
44 0.2 0.0416667
44 0.2 0.125
44 0.2 0.0416667
44 0.2 0.0416667
44 0.2 0.0416667
44 0.2 0.0833333
44 0.2 0.0833333
44 0.2 0.0416667
44 0.2 0.0416667
44 0.2 0.0416667
44 0.2 0.0833333
44 0.2 0.125
44 0.2 0.125
44 0.2 0.0833333
44 0.2 0.125
44 0.2 0.0833333
44 0.2 0.0833333
44 0.2 0.0833333
44 0.2 0.0416667
44 0.2 0.0416667
44 0.2 0.0416667
44 0.2 0.0833333
44 0.2 0.0833333
44 0.2 0.0833333
44 0.2 0.0833333
44 0.2 0.125
44 0.2 0.0416667
44 0.2 0.0833333
44 0.2 0.0833333
44 0.2 0.0833333
44 0.2 0.0416667
44 0.2 0.0416667
44 0.2 0.0416667
44 0.2 0.0416667
44 0.2 0.0416667
44 0.2 0.0833333
44 0.2 0.0416667
44 0.2 0.0833333
44 0.2 0.0833333
44 0.2 0.125
44 0.2 0.0416667
44 0.2 0.0416667
44 0.2 0.125
44 0.2 0.0833333
44 0.2 0.0833333
44 0.2 0.0416667
44 0.2 0.0833333
44 0.2 0.0833333
44 0.2 0.0833333
44 0.2 0.0416667
44 0.2 0.0833333
44 0.2 0.0833333
44 0.2 0.125
44 0.2 0.0833333
44 0.2 0.0833333
44 0.2 0.0833333
44 0.2 0.0416667
44 0.2 0.0833333
44 0.2 0.0833333
44 0.2 0.0416667
44 0.2 0.166667
44 0.2 0.0416667
44 0.2 0.0833333
44 0.2 0.0833333
44 0.2 0.0416667
44 0.2 0.0833333
44 0.2 0.125
44 0.2 0.125
44 0.2 0.0416667
44 0.2 0.125
44 0.2 0.0416667
44 0.2 0.0416667
44 0.2 0.208333
44 0.2 0.0833333
44 0.2 0.125
44 0.2 0.166667
44 0.2 0.0833333
44 0.2 0.0833333
44 0.2 0.0416667
44 0.2 0.0833333
44 0.2 0.125
44 0.2 0.166667
44 0.2 0.166667
44 0.2 0.166667
44 0.2 0.0416667
44 0.2 0.0416667
44 0.2 0.0833333
44 0.2 0.0833333
44 0.2 0.166667
44 0.2 0.125
44 0.2 0.0833333
44 0.2 0.208333
44 0.2 0.166667
44 0.2 0.166667
44 0.2 0.0416667
44 0.2 0.125
44 0.2 0.0416667
44 0.2 0.0833333
44 0.2 0.0416667
44 0.2 0.0833333
44 0.2 0.125
44 0.2 0.0833333
44 0.2 0.0833333
44 0.2 0.125
44 0.2 0.0416667
44 0.2 0.0416667
44 0.2 0.0416667
44 0.2 0.0833333
44 0.2 0.125
44 0.2 0.0416667
44 0.2 0.0833333
44 0.2 0.0416667
44 0.2 0.0416667
44 0.2 0.125
44 0.2 0.166667
44 0.2 0.0416667
44 0.2 0.0833333
44 0.2 0.125
44 0.2 0.0416667
44 0.2 0.0416667
44 0.2 0.0416667
44 0.2 0.0833333
44 0.2 0.166667
44 0.2 0.125
44 0.2 0.125
44 0.2 0.0833333
44 0.2 0.125
44 0.2 0.0833333
44 0.2 0.0833333
44 0.2 0.166667
44 0.2 0.208333
44 0.2 0.166667
44 0.2 0.0833333
44 0.2 0.166667
44 0.2 0.166667
44 0.2 0.166667
44 0.2 0.166667
44 0.2 0.125
44 0.2 0.125
44 0.2 0.125
44 0.2 0.208333
44 0.2 0.125
44 0.2 0.166667
44 0.2 0.166667
44 0.2 0.125
44 0.2 0.166667
44 0.2 0.0833333
44 0.2 0.0833333
44 0.2 0.166667
44 0.2 0.166667
44 0.2 0.125
44 0.2 0.166667
44 0.2 0.0833333
44 0.2 0.0833333
44 0.2 0.125
44 0.2 0.166667
44 0.2 0.125
44 0.2 0.166667
44 0.2 0.125
44 0.2 0.208333
44 0.2 0.166667
44 0.2 0.208333
44 0.2 0.125
44 0.2 0.125
44 0.2 0.0833333
44 0.2 0.0833333
44 0.2 0.166667
44 0.2 0.125
44 0.2 0.125
44 0.2 0.125
44 0.2 0.125
44 0.2 0.208333
44 0.2 0.166667
44 0.2 0.125
44 0.2 0.208333
44 0.2 0.125
44 0.2 0.166667
44 0.2 0.166667
44 0.2 0.166667
44 0.2 0.125
44 0.2 0.125
44 0.2 0.166667
44 0.2 0.125
44 0.2 0.125
44 0.2 0.0833333
44 0.2 0.125
44 0.2 0.166667
44 0.2 0.125
44 0.2 0.208333
44 0.2 0.0833333
44 0.2 0.125
44 0.2 0.0833333
44 0.2 0.166667
44 0.2 0.166667
44 0.2 0.166667
44 0.2 0.25
44 0.2 0.125
44 0.2 0.125
44 0.2 0.125
44 0.2 0.291667
44 0.2 0.166667
44 0.2 0.166667
44 0.2 0.166667
44 0.2 0.125
44 0.2 0.166667
44 0.2 0.166667
44 0.2 0.125
44 0.2 0.208333
44 0.2 0.125
44 0.2 0.208333
44 0.2 0.166667
44 0.2 0.208333
44 0.2 0.125
44 0.2 0.166667
44 0.2 0.25
44 0.2 0.125
44 0.2 0.333333
52 0.2 0
52 0.2 0.0416667
52 0.2 0.0833333
52 0.2 0
52 0.2 0
52 0.2 0.0416667
52 0.2 0
52 0.2 0.125
52 0.2 0.0416667
52 0.2 0
52 0.2 0
52 0.2 0.0416667
52 0.2 0
52 0.2 0
52 0.2 0
52 0.2 0.0416667
52 0.2 0.0416667
52 0.2 0
52 0.2 0
52 0.2 0
52 0.2 0.0833333
52 0.2 0.0416667
52 0.2 0.0416667
52 0.2 0
52 0.2 0
52 0.2 0.0416667
52 0.2 0
52 0.2 0.0416667
52 0.2 0.0416667
52 0.2 0.0416667
52 0.2 0
52 0.2 0.0416667
52 0.2 0.0416667
52 0.2 0
52 0.2 0
52 0.2 0
52 0.2 0
52 0.2 0.0833333
52 0.2 0.0416667
52 0.2 0
52 0.2 0.0833333
52 0.2 0.0833333
52 0.2 0.0833333
52 0.2 0
52 0.2 0.0416667
52 0.2 0
52 0.2 0.0416667
52 0.2 0
52 0.2 0.0416667
52 0.2 0
52 0.2 0
52 0.2 0.0416667
52 0.2 0.0833333
52 0.2 0
52 0.2 0.0416667
52 0.2 0.0416667
52 0.2 0
52 0.2 0
52 0.2 0
52 0.2 0
52 0.2 0
52 0.2 0
52 0.2 0
52 0.2 0
52 0.2 0
52 0.2 0
52 0.2 0.125
52 0.2 0.0416667
52 0.2 0
52 0.2 0
52 0.2 0
52 0.2 0
52 0.2 0
52 0.2 0
52 0.2 0.0416667
52 0.2 0
52 0.2 0.0416667
52 0.2 0
52 0.2 0.0833333
52 0.2 0
52 0.2 0
52 0.2 0
52 0.2 0.0416667
52 0.2 0
52 0.2 0
52 0.2 0
52 0.2 0
52 0.2 0.0416667
52 0.2 0
52 0.2 0
52 0.2 0
52 0.2 0
52 0.2 0
52 0.2 0
52 0.2 0.0416667
52 0.2 0
52 0.2 0.0416667
52 0.2 0
52 0.2 0.0833333
52 0.2 0.0416667
52 0.2 0.0416667
52 0.2 0.0416667
52 0.2 0.0416667
52 0.2 0.0416667
52 0.2 0
52 0.2 0
52 0.2 0
52 0.2 0
52 0.2 0
52 0.2 0.0416667
52 0.2 0.0416667
52 0.2 0
52 0.2 0
52 0.2 0
52 0.2 0
52 0.2 0
52 0.2 0.125
52 0.2 0
52 0.2 0
52 0.2 0
52 0.2 0
52 0.2 0
52 0.2 0
52 0.2 0.0416667
52 0.2 0
52 0.2 0.0833333
52 0.2 0.166667
52 0.2 0.0833333
52 0.2 0.125
52 0.2 0.0833333
52 0.2 0.0833333
52 0.2 0.0416667
52 0.2 0.0416667
52 0.2 0.0833333
52 0.2 0.0416667
52 0.2 0.125
52 0.2 0.0416667
52 0.2 0.0833333
52 0.2 0.125
52 0.2 0.208333
52 0.2 0.0416667
52 0.2 0.166667
52 0.2 0.0416667
52 0.2 0.0416667
52 0.2 0.0416667
52 0.2 0.0833333
52 0.2 0.0416667
52 0.2 0.0416667
52 0.2 0.0416667
52 0.2 0.0833333
52 0.2 0.0833333
52 0.2 0.0416667
52 0.2 0.0416667
52 0.2 0.0416667
52 0.2 0.0833333
52 0.2 0.0833333
52 0.2 0.0416667
52 0.2 0.0833333
52 0.2 0.125
52 0.2 0.0416667
52 0.2 0.125
52 0.2 0.125
52 0.2 0.0833333
52 0.2 0.0416667
52 0.2 0.125
52 0.2 0.0833333
52 0.2 0.0833333
52 0.2 0.125
52 0.2 0.0833333
52 0.2 0.0833333
52 0.2 0.0416667
52 0.2 0.0416667
52 0.2 0.0416667
52 0.2 0.0416667
52 0.2 0.0833333
52 0.2 0.0833333
52 0.2 0.125
52 0.2 0.0833333
52 0.2 0.0833333
52 0.2 0.0833333
52 0.2 0.0416667
52 0.2 0.0416667
52 0.2 0.0833333
52 0.2 0.125
52 0.2 0.0416667
52 0.2 0.0833333
52 0.2 0.0833333
52 0.2 0.0416667
52 0.2 0.0833333
52 0.2 0.166667
52 0.2 0.0416667
52 0.2 0.0416667
52 0.2 0.0416667
52 0.2 0.125
52 0.2 0.0833333
52 0.2 0.0833333
52 0.2 0.0833333
52 0.2 0.0833333
52 0.2 0.0416667
52 0.2 0.0833333
52 0.2 0.0833333
52 0.2 0.0416667
52 0.2 0.0833333
52 0.2 0.0833333
52 0.2 0.0833333
52 0.2 0.0833333
52 0.2 0.0833333
52 0.2 0.0833333
52 0.2 0.0833333
52 0.2 0.0833333
52 0.2 0.0416667
52 0.2 0.0833333
52 0.2 0.0833333
52 0.2 0.125
52 0.2 0.125
52 0.2 0.0833333
52 0.2 0.0833333
52 0.2 0.0833333
52 0.2 0.0416667
52 0.2 0.0833333
52 0.2 0.125
52 0.2 0.208333
52 0.2 0.0416667
52 0.2 0.125
52 0.2 0.0833333
52 0.2 0.0833333
52 0.2 0.0833333
52 0.2 0.0416667
52 0.2 0.0416667
52 0.2 0.0416667
52 0.2 0.125
52 0.2 0.125
52 0.2 0.0833333
52 0.2 0.0833333
52 0.2 0.125
52 0.2 0.0416667
52 0.2 0.0416667
52 0.2 0.125
52 0.2 0.0833333
52 0.2 0.0833333
52 0.2 0.0416667
52 0.2 0.0833333
52 0.2 0.0833333
52 0.2 0.0833333
52 0.2 0.0833333
52 0.2 0.0833333
52 0.2 0.0416667
52 0.2 0.0833333
52 0.2 0.0833333
52 0.2 0.0416667
52 0.2 0.0833333
52 0.2 0.0416667
52 0.2 0.125
52 0.2 0.0416667
52 0.2 0.125
52 0.2 0.0416667
52 0.2 0.0833333
52 0.2 0.0833333
52 0.2 0.166667
52 0.2 0.0833333
52 0.2 0.166667
52 0.2 0.125
52 0.2 0.0833333
52 0.2 0.125
52 0.2 0.0416667
52 0.2 0.0416667
52 0.2 0.0833333
52 0.2 0.125
52 0.2 0.0416667
52 0.2 0.0833333
52 0.2 0.0833333
52 0.2 0.125
52 0.2 0.125
52 0.2 0.166667
52 0.2 0.0833333
52 0.2 0.208333
52 0.2 0.0416667
52 0.2 0.125
52 0.2 0.0416667
52 0.2 0.0833333
52 0.2 0.125
52 0.2 0.0833333
52 0.2 0.125
52 0.2 0.0833333
52 0.2 0.125
52 0.2 0.0416667
52 0.2 0.0416667
52 0.2 0.125
52 0.2 0.125
52 0.2 0.0416667
52 0.2 0.125
52 0.2 0.166667
52 0.2 0.125
52 0.2 0.166667
52 0.2 0.125
52 0.2 0.166667
52 0.2 0.0833333
52 0.2 0.125
52 0.2 0.125
52 0.2 0.125
52 0.2 0.166667
52 0.2 0.166667
52 0.2 0.0833333
52 0.2 0.0833333
52 0.2 0.125
52 0.2 0.125
52 0.2 0.166667
52 0.2 0.208333
52 0.2 0.0833333
52 0.2 0.0833333
52 0.2 0.125
52 0.2 0.125
52 0.2 0.166667
52 0.2 0.125
52 0.2 0.125
52 0.2 0.208333
52 0.2 0.125
52 0.2 0.125
52 0.2 0.0833333
52 0.2 0.166667
52 0.2 0.208333
52 0.2 0.125
52 0.2 0.208333
52 0.2 0.0833333
52 0.2 0.0833333
52 0.2 0.125
52 0.2 0.0833333
52 0.2 0.166667
52 0.2 0.166667
52 0.2 0.208333
52 0.2 0.125
52 0.2 0.125
52 0.2 0.0833333
52 0.2 0.166667
52 0.2 0.125
52 0.2 0.208333
52 0.2 0.125
52 0.2 0.166667
52 0.2 0.166667
52 0.2 0.166667
52 0.2 0.0833333
52 0.2 0.125
52 0.2 0.125
52 0.2 0.125
52 0.2 0.125
52 0.2 0.0833333
52 0.2 0.125
52 0.2 0.166667
52 0.2 0.0833333
52 0.2 0.125
52 0.2 0.208333
52 0.2 0.166667
52 0.2 0.166667
52 0.2 0.166667
52 0.2 0.25
52 0.2 0.208333
52 0.2 0.208333
52 0.2 0.333333
52 0.2 0.208333
52 0.2 0.25
60 0.2 0
60 0.2 0.0416667
60 0.2 0
60 0.2 0
60 0.2 0
60 0.2 0.0416667
60 0.2 0.208333
60 0.2 0.0416667
60 0.2 0
60 0.2 0
60 0.2 0
60 0.2 0.0416667
60 0.2 0
60 0.2 0
60 0.2 0
60 0.2 0
60 0.2 0.0416667
60 0.2 0.0833333
60 0.2 0
60 0.2 0.0416667
60 0.2 0
60 0.2 0.0416667
60 0.2 0.0416667
60 0.2 0
60 0.2 0
60 0.2 0
60 0.2 0.0833333
60 0.2 0
60 0.2 0.0416667
60 0.2 0
60 0.2 0
60 0.2 0.0416667
60 0.2 0.0416667
60 0.2 0
60 0.2 0
60 0.2 0.0833333
60 0.2 0.0416667
60 0.2 0
60 0.2 0
60 0.2 0
60 0.2 0.0416667
60 0.2 0.0416667
60 0.2 0.0416667
60 0.2 0
60 0.2 0
60 0.2 0.0416667
60 0.2 0
60 0.2 0
60 0.2 0.0416667
60 0.2 0.0833333
60 0.2 0.0416667
60 0.2 0.0416667
60 0.2 0
60 0.2 0.0833333
60 0.2 0
60 0.2 0
60 0.2 0
60 0.2 0.0416667
60 0.2 0
60 0.2 0.0416667
60 0.2 0
60 0.2 0.0416667
60 0.2 0.0416667
60 0.2 0.0416667
60 0.2 0
60 0.2 0
60 0.2 0
60 0.2 0.0416667
60 0.2 0
60 0.2 0.0416667
60 0.2 0.0416667
60 0.2 0
60 0.2 0.0416667
60 0.2 0
60 0.2 0.0416667
60 0.2 0
60 0.2 0.0416667
60 0.2 0.0416667
60 0.2 0
60 0.2 0
60 0.2 0.0833333
60 0.2 0
60 0.2 0
60 0.2 0
60 0.2 0.0416667
60 0.2 0
60 0.2 0
60 0.2 0
60 0.2 0
60 0.2 0
60 0.2 0
60 0.2 0
60 0.2 0.0833333
60 0.2 0.0416667
60 0.2 0
60 0.2 0
60 0.2 0
60 0.2 0.0416667
60 0.2 0
60 0.2 0.0833333
60 0.2 0
60 0.2 0
60 0.2 0
60 0.2 0
60 0.2 0
60 0.2 0.0833333
60 0.2 0
60 0.2 0
60 0.2 0
60 0.2 0.0833333
60 0.2 0
60 0.2 0
60 0.2 0
60 0.2 0
60 0.2 0
60 0.2 0
60 0.2 0.0416667
60 0.2 0.0416667
60 0.2 0
60 0.2 0
60 0.2 0.0416667
60 0.2 0
60 0.2 0.0416667
60 0.2 0
60 0.2 0
60 0.2 0
60 0.2 0.0833333
60 0.2 0.0416667
60 0.2 0.0416667
60 0.2 0
60 0.2 0.0416667
60 0.2 0
60 0.2 0.0833333
60 0.2 0.0416667
60 0.2 0.0833333
60 0.2 0.0416667
60 0.2 0.0833333
60 0.2 0.0833333
60 0.2 0.0416667
60 0.2 0.125
60 0.2 0.0416667
60 0.2 0.0833333
60 0.2 0.0416667
60 0.2 0.0416667
60 0.2 0.0416667
60 0.2 0.0833333
60 0.2 0.0833333
60 0.2 0.0416667
60 0.2 0.125
60 0.2 0.0833333
60 0.2 0.0833333
60 0.2 0.0833333
60 0.2 0.0833333
60 0.2 0.0416667
60 0.2 0.0416667
60 0.2 0.125
60 0.2 0.0833333
60 0.2 0.0416667
60 0.2 0.0416667
60 0.2 0.0833333
60 0.2 0.0416667
60 0.2 0.0416667
60 0.2 0.0833333
60 0.2 0.0416667
60 0.2 0.0833333
60 0.2 0.125
60 0.2 0.0416667
60 0.2 0.0416667
60 0.2 0.0833333
60 0.2 0.0416667
60 0.2 0.0833333
60 0.2 0.0416667
60 0.2 0.0833333
60 0.2 0.125
60 0.2 0.0833333
60 0.2 0.0416667
60 0.2 0.125
60 0.2 0.0416667
60 0.2 0.0833333
60 0.2 0.125
60 0.2 0.0833333
60 0.2 0.0833333
60 0.2 0.125
60 0.2 0.0416667
60 0.2 0.125
60 0.2 0.0416667
60 0.2 0.0416667
60 0.2 0.0416667
60 0.2 0.125
60 0.2 0.0416667
60 0.2 0.0833333
60 0.2 0.0416667
60 0.2 0.0833333
60 0.2 0.0416667
60 0.2 0.0416667
60 0.2 0.0416667
60 0.2 0.0416667
60 0.2 0.208333
60 0.2 0.0833333
60 0.2 0.0416667
60 0.2 0.125
60 0.2 0.0416667
60 0.2 0.0833333
60 0.2 0.0416667
60 0.2 0.125
60 0.2 0.0833333
60 0.2 0.0833333
60 0.2 0.0416667
60 0.2 0.0833333
60 0.2 0.0416667
60 0.2 0.0416667
60 0.2 0.125
60 0.2 0.0833333
60 0.2 0.0416667
60 0.2 0.0833333
60 0.2 0.125
60 0.2 0.0833333
60 0.2 0.0416667
60 0.2 0.0833333
60 0.2 0.0833333
60 0.2 0.125
60 0.2 0.0833333
60 0.2 0.0833333
60 0.2 0.0416667
60 0.2 0.0833333
60 0.2 0.166667
60 0.2 0.166667
60 0.2 0.0416667
60 0.2 0.125
60 0.2 0.208333
60 0.2 0.0833333
60 0.2 0.0416667
60 0.2 0.0833333
60 0.2 0.125
60 0.2 0.125
60 0.2 0.166667
60 0.2 0.0833333
60 0.2 0.0833333
60 0.2 0.125
60 0.2 0.0416667
60 0.2 0.0833333
60 0.2 0.0833333
60 0.2 0.0416667
60 0.2 0.166667
60 0.2 0.166667
60 0.2 0.0416667
60 0.2 0.0833333
60 0.2 0.125
60 0.2 0.166667
60 0.2 0.0833333
60 0.2 0.125
60 0.2 0.166667
60 0.2 0.0833333
60 0.2 0.166667
60 0.2 0.0833333
60 0.2 0.0833333
60 0.2 0.166667
60 0.2 0.0833333
60 0.2 0.125
60 0.2 0.0416667
60 0.2 0.125
60 0.2 0.166667
60 0.2 0.166667
60 0.2 0.0416667
60 0.2 0.125
60 0.2 0.0833333
60 0.2 0.125
60 0.2 0.0833333
60 0.2 0.0833333
60 0.2 0.125
60 0.2 0.0833333
60 0.2 0.0833333
60 0.2 0.0833333
60 0.2 0.0416667
60 0.2 0.0833333
60 0.2 0.166667
60 0.2 0.125
60 0.2 0.125
60 0.2 0.125
60 0.2 0.0416667
60 0.2 0.125
60 0.2 0.166667
60 0.2 0.0416667
60 0.2 0.125
60 0.2 0.0416667
60 0.2 0.0833333
60 0.2 0.0833333
60 0.2 0.0833333
60 0.2 0.125
60 0.2 0.166667
60 0.2 0.125
60 0.2 0.125
60 0.2 0.125
60 0.2 0.125
60 0.2 0.166667
60 0.2 0.0833333
60 0.2 0.166667
60 0.2 0.166667
60 0.2 0.0833333
60 0.2 0.125
60 0.2 0.0833333
60 0.2 0.0833333
60 0.2 0.125
60 0.2 0.166667
60 0.2 0.0833333
60 0.2 0.125
60 0.2 0.0833333
60 0.2 0.125
60 0.2 0.0833333
60 0.2 0.125
60 0.2 0.125
60 0.2 0.166667
60 0.2 0.166667
60 0.2 0.166667
60 0.2 0.0833333
60 0.2 0.166667
60 0.2 0.208333
60 0.2 0.166667
60 0.2 0.125
60 0.2 0.0833333
60 0.2 0.166667
60 0.2 0.125
60 0.2 0.208333
60 0.2 0.208333
60 0.2 0.125
60 0.2 0.125
60 0.2 0.125
60 0.2 0.0833333
60 0.2 0.125
60 0.2 0.125
60 0.2 0.125
60 0.2 0.166667
60 0.2 0.166667
60 0.2 0.208333
60 0.2 0.125
60 0.2 0.125
60 0.2 0.125
60 0.2 0.0833333
60 0.2 0.125
60 0.2 0.166667
60 0.2 0.125
60 0.2 0.166667
60 0.2 0.166667
60 0.2 0.125
60 0.2 0.166667
60 0.2 0.125
60 0.2 0.166667
60 0.2 0.125
60 0.2 0.25
60 0.2 0.0833333
60 0.2 0.25
60 0.2 0.208333
60 0.2 0.166667
60 0.2 0.166667
60 0.2 0.208333
60 0.2 0.166667
60 0.2 0.208333
60 0.2 0.208333
60 0.2 0.208333
60 0.2 0.208333
6 0.2 0.541667
6 0.2 0.625
6 0.2 0.625
6 0.2 0.625
6 0.2 0.625
6 0.2 0.666667
6 0.2 0.583333
6 0.2 0.541667
6 0.2 0.666667
6 0.2 0.75
6 0.2 0.625
6 0.2 0.5
6 0.2 0.583333
6 0.2 0.666667
6 0.2 0.5
6 0.2 0.583333
6 0.2 0.666667
6 0.2 0.583333
6 0.2 0.541667
6 0.2 0.75
6 0.2 0.791667
6 0.2 0.666667
6 0.2 0.75
6 0.2 0.541667
6 0.2 0.541667
6 0.2 0.791667
6 0.2 0.541667
6 0.2 0.75
6 0.2 0.625
6 0.2 0.5
6 0.2 0.416667
6 0.2 0.5
6 0.2 0.625
6 0.2 0.666667
6 0.2 0.583333
6 0.2 0.625
6 0.2 0.541667
6 0.2 0.625
6 0.2 0.625
6 0.2 0.541667
6 0.2 0.583333
6 0.2 0.458333
6 0.2 0.583333
6 0.2 0.375
6 0.2 0.625
6 0.2 0.375
6 0.2 0.791667
6 0.2 0.708333
6 0.2 0.5
6 0.2 0.541667
6 0.2 0.375
6 0.2 0.666667
6 0.2 0.5
6 0.2 0.625
6 0.2 0.375
6 0.2 0.666667
6 0.2 0.625
6 0.2 0.5
6 0.2 0.458333
6 0.2 0.375
6 0.2 0.583333
6 0.2 0.666667
6 0.2 0.75
6 0.2 0.541667
6 0.2 0.5
6 0.2 0.583333
6 0.2 0.708333
6 0.2 0.541667
6 0.2 0.666667
6 0.2 0.708333
6 0.2 0.541667
6 0.2 0.583333
6 0.2 0.791667
6 0.2 0.708333
6 0.2 0.458333
6 0.2 0.666667
6 0.2 0.541667
6 0.2 0.541667
6 0.2 0.625
6 0.2 0.583333
6 0.2 0.5
6 0.2 0.625
6 0.2 0.708333
6 0.2 0.75
6 0.2 0.625
6 0.2 0.541667
6 0.2 0.625
6 0.2 0.708333
6 0.2 0.666667
6 0.2 0.625
6 0.2 0.583333
6 0.2 0.666667
6 0.2 0.541667
6 0.2 0.541667
6 0.2 0.541667
6 0.2 0.625
6 0.2 0.583333
6 0.2 0.75
6 0.2 0.458333
6 0.2 0.541667
6 0.2 0.625
6 0.2 0.541667
6 0.2 0.625
6 0.2 0.583333
6 0.2 0.5
6 0.2 0.583333
6 0.2 0.5
6 0.2 0.458333
6 0.2 0.625
6 0.2 0.791667
6 0.2 0.708333
6 0.2 0.541667
6 0.2 0.541667
6 0.2 0.541667
6 0.2 0.708333
6 0.2 0.75
6 0.2 0.625
6 0.2 0.541667
6 0.2 0.666667
6 0.2 0.583333
6 0.2 0.625
6 0.2 0.75
6 0.2 0.708333
6 0.2 0.583333
6 0.2 0.625
6 0.2 0.625
6 0.2 0.541667
6 0.2 0.791667
6 0.2 0.708333
6 0.2 0.666667
6 0.2 0.541667
6 0.2 0.791667
6 0.2 0.625
6 0.2 0.583333
6 0.2 0.541667
6 0.2 0.625
6 0.2 0.583333
6 0.2 0.666667
6 0.2 0.625
6 0.2 0.583333
6 0.2 0.541667
6 0.2 0.75
6 0.2 0.708333
6 0.2 0.375
6 0.2 0.375
6 0.2 0.708333
6 0.2 0.5
6 0.2 0.458333
6 0.2 0.583333
6 0.2 0.5
6 0.2 0.583333
6 0.2 0.5
6 0.2 0.666667
6 0.2 0.625
6 0.2 0.708333
6 0.2 0.458333
6 0.2 0.708333
6 0.2 0.583333
6 0.2 0.708333
6 0.2 0.541667
6 0.2 0.708333
6 0.2 0.708333
6 0.2 0.541667
6 0.2 0.458333
6 0.2 0.458333
6 0.2 0.5
6 0.2 0.625
6 0.2 0.5
6 0.2 0.666667
6 0.2 0.75
6 0.2 0.583333
6 0.2 0.583333
6 0.2 0.75
6 0.2 0.416667
6 0.2 0.666667
6 0.2 0.541667
6 0.2 0.541667
6 0.2 0.666667
6 0.2 0.708333
6 0.2 0.708333
6 0.2 0.333333
6 0.2 0.75
6 0.2 0.583333
6 0.2 0.5
6 0.2 0.583333
6 0.2 0.416667
6 0.2 0.708333
6 0.2 0.791667
6 0.2 0.666667
6 0.2 0.541667
6 0.2 0.666667
6 0.2 0.666667
6 0.2 0.666667
6 0.2 0.833333
6 0.2 0.583333
6 0.2 0.625
6 0.2 0.541667
6 0.2 0.583333
6 0.2 0.583333
6 0.2 0.583333
6 0.2 0.5
6 0.2 0.625
6 0.2 0.541667
6 0.2 0.625
6 0.2 0.541667
6 0.2 0.666667
6 0.2 0.5
6 0.2 0.583333
6 0.2 0.75
6 0.2 0.583333
6 0.2 0.75
6 0.2 0.666667
6 0.2 0.583333
6 0.2 0.416667
6 0.2 0.583333
6 0.2 0.541667
6 0.2 0.541667
6 0.2 0.791667
6 0.2 0.75
6 0.2 0.666667
6 0.2 0.666667
6 0.2 0.5
6 0.2 0.541667
6 0.2 0.708333
6 0.2 0.583333
6 0.2 0.75
6 0.2 0.541667
6 0.2 0.583333
6 0.2 0.541667
6 0.2 0.625
6 0.2 0.583333
6 0.2 0.666667
6 0.2 0.625
6 0.2 0.583333
6 0.2 0.833333
6 0.2 0.625
6 0.2 0.416667
6 0.2 0.583333
6 0.2 0.583333
6 0.2 0.708333
6 0.2 0.708333
6 0.2 0.625
6 0.2 0.666667
6 0.2 0.666667
6 0.2 0.5
6 0.2 0.583333
6 0.2 0.458333
6 0.2 0.666667
6 0.2 0.5
6 0.2 0.458333
6 0.2 0.625
6 0.2 0.75
6 0.2 0.541667
6 0.2 0.541667
6 0.2 0.416667
6 0.2 0.666667
6 0.2 0.541667
6 0.2 0.541667
6 0.2 0.583333
6 0.2 0.5
6 0.2 0.75
6 0.2 0.583333
6 0.2 0.541667
6 0.2 0.75
6 0.2 0.583333
6 0.2 0.583333
6 0.2 0.5
6 0.2 0.625
6 0.2 0.416667
6 0.2 0.541667
6 0.2 0.666667
6 0.2 0.833333
6 0.2 0.5
6 0.2 0.791667
6 0.2 0.708333
6 0.2 0.625
6 0.2 0.708333
6 0.2 0.625
6 0.2 0.583333
6 0.2 0.5
6 0.2 0.541667
6 0.2 0.833333
6 0.2 0.708333
6 0.2 0.625
6 0.2 0.666667
6 0.2 0.583333
6 0.2 0.583333
6 0.2 0.541667
6 0.2 0.666667
6 0.2 0.708333
6 0.2 0.416667
6 0.2 0.625
6 0.2 0.666667
6 0.2 0.625
6 0.2 0.458333
6 0.2 0.541667
6 0.2 0.541667
6 0.2 0.625
6 0.2 0.625
6 0.2 0.75
6 0.2 0.583333
6 0.2 0.791667
6 0.2 0.583333
6 0.2 0.708333
6 0.2 0.625
6 0.2 0.666667
6 0.2 0.666667
6 0.2 0.541667
6 0.2 0.625
6 0.2 0.708333
6 0.2 0.583333
6 0.2 0.666667
6 0.2 0.666667
6 0.2 0.458333
6 0.2 0.416667
6 0.2 0.708333
6 0.2 0.666667
6 0.2 0.541667
6 0.2 0.5
6 0.2 0.708333
6 0.2 0.583333
6 0.2 0.666667
6 0.2 0.666667
6 0.2 0.583333
6 0.2 0.5
6 0.2 0.5
6 0.2 0.791667
6 0.2 0.625
6 0.2 0.708333
6 0.2 0.583333
6 0.2 0.541667
6 0.2 0.625
6 0.2 0.583333
6 0.2 0.666667
6 0.2 0.625
6 0.2 0.583333
6 0.2 0.541667
6 0.2 0.666667
6 0.2 0.625
6 0.2 0.833333
6 0.2 0.416667
6 0.2 0.541667
6 0.2 0.541667
6 0.2 0.666667
6 0.2 0.708333
6 0.2 0.666667
6 0.2 0.708333
6 0.2 0.666667
6 0.2 0.708333
6 0.2 0.458333
6 0.2 0.625
6 0.2 0.708333
6 0.2 0.75
6 0.2 0.75
6 0.2 0.708333
6 0.2 0.5
6 0.2 0.708333
6 0.2 0.583333
6 0.2 0.458333
6 0.2 0.625
8 0.2 0.25
8 0.2 0.0833333
8 0.2 0.166667
8 0.2 0.125
8 0.2 0.0416667
8 0.2 0.166667
8 0.2 0.25
8 0.2 0.333333
8 0.2 0.291667
8 0.2 0.25
8 0.2 0.208333
8 0.2 0.166667
8 0.2 0.25
8 0.2 0.25
8 0.2 0.125
8 0.2 0.208333
8 0.2 0.125
8 0.2 0.208333
8 0.2 0.458333
8 0.2 0.125
8 0.2 0.125
8 0.2 0.291667
8 0.2 0.333333
8 0.2 0.166667
8 0.2 0.208333
8 0.2 0.0833333
8 0.2 0.208333
8 0.2 0.25
8 0.2 0.333333
8 0.2 0.166667
8 0.2 0.166667
8 0.2 0.291667
8 0.2 0.125
8 0.2 0.166667
8 0.2 0.333333
8 0.2 0.125
8 0.2 0.208333
8 0.2 0.25
8 0.2 0.25
8 0.2 0.25
8 0.2 0.291667
8 0.2 0.125
8 0.2 0.208333
8 0.2 0.291667
8 0.2 0.25
8 0.2 0.208333
8 0.2 0.333333
8 0.2 0.333333
8 0.2 0.291667
8 0.2 0.25
8 0.2 0.125
8 0.2 0.25
8 0.2 0.25
8 0.2 0.166667
8 0.2 0.208333
8 0.2 0.291667
8 0.2 0.125
8 0.2 0.166667
8 0.2 0.375
8 0.2 0.208333
8 0.2 0.25
8 0.2 0.166667
8 0.2 0.166667
8 0.2 0.0833333
8 0.2 0.166667
8 0.2 0.125
8 0.2 0.125
8 0.2 0.166667
8 0.2 0.291667
8 0.2 0.333333
8 0.2 0.0833333
8 0.2 0.291667
8 0.2 0.291667
8 0.2 0.166667
8 0.2 0.125
8 0.2 0.125
8 0.2 0.208333
8 0.2 0.166667
8 0.2 0.25
8 0.2 0.166667
8 0.2 0.208333
8 0.2 0.25
8 0.2 0.0833333
8 0.2 0.125
8 0.2 0.0833333
8 0.2 0.0833333
8 0.2 0.0416667
8 0.2 0.208333
8 0.2 0.0416667
8 0.2 0.208333
8 0.2 0.208333
8 0.2 0.125
8 0.2 0.416667
8 0.2 0.208333
8 0.2 0.25
8 0.2 0
8 0.2 0.125
8 0.2 0.25
8 0.2 0.208333
8 0.2 0.166667
8 0.2 0.333333
8 0.2 0.333333
8 0.2 0.166667
8 0.2 0.0833333
8 0.2 0.208333
8 0.2 0.208333
8 0.2 0.0416667
8 0.2 0.166667
8 0.2 0.25
8 0.2 0.25
8 0.2 0.25
8 0.2 0.125
8 0.2 0.291667
8 0.2 0.25
8 0.2 0.25
8 0.2 0.291667
8 0.2 0.291667
8 0.2 0.208333
8 0.2 0.166667
8 0.2 0.166667
8 0.2 0.166667
8 0.2 0.0833333
8 0.2 0.125
8 0.2 0.0833333
8 0.2 0.166667
8 0.2 0.166667
8 0.2 0.208333
8 0.2 0.208333
8 0.2 0.208333
8 0.2 0.208333
8 0.2 0.125
8 0.2 0.333333
8 0.2 0.166667
8 0.2 0.166667
8 0.2 0.208333
8 0.2 0.208333
8 0.2 0.0833333
8 0.2 0.25
8 0.2 0.166667
8 0.2 0.125
8 0.2 0.125
8 0.2 0.25
8 0.2 0.291667
8 0.2 0.208333
8 0.2 0.291667
8 0.2 0.291667
8 0.2 0.166667
8 0.2 0.291667
8 0.2 0.333333
8 0.2 0.166667
8 0.2 0.291667
8 0.2 0.125
8 0.2 0.291667
8 0.2 0.208333
8 0.2 0.25
8 0.2 0.208333
8 0.2 0.125
8 0.2 0.333333
8 0.2 0.25
8 0.2 0.291667
8 0.2 0.208333
8 0.2 0.166667
8 0.2 0.125
8 0.2 0.291667
8 0.2 0.125
8 0.2 0.0416667
8 0.2 0.208333
8 0.2 0.166667
8 0.2 0.375
8 0.2 0.25
8 0.2 0.25
8 0.2 0.291667
8 0.2 0.166667
8 0.2 0.208333
8 0.2 0.125
8 0.2 0.0833333
8 0.2 0.291667
8 0.2 0.125
8 0.2 0.25
8 0.2 0.166667
8 0.2 0.208333
8 0.2 0.125
8 0.2 0.333333
8 0.2 0.166667
8 0.2 0.166667
8 0.2 0.208333
8 0.2 0.291667
8 0.2 0.25
8 0.2 0.291667
8 0.2 0.25
8 0.2 0.375
8 0.2 0.208333
8 0.2 0.291667
8 0.2 0.208333
8 0.2 0.208333
8 0.2 0.208333
8 0.2 0.291667
8 0.2 0.166667
8 0.2 0.166667
8 0.2 0.25
8 0.2 0.291667
8 0.2 0.333333
8 0.2 0.291667
8 0.2 0.166667
8 0.2 0.291667
8 0.2 0.166667
8 0.2 0.166667
8 0.2 0.166667
8 0.2 0.208333
8 0.2 0.166667
8 0.2 0.0833333
8 0.2 0.25
8 0.2 0.291667
8 0.2 0.333333
8 0.2 0.166667
8 0.2 0.125
8 0.2 0.25
8 0.2 0.0833333
8 0.2 0.0833333
8 0.2 0.166667
8 0.2 0.166667
8 0.2 0.208333
8 0.2 0.166667
8 0.2 0.25
8 0.2 0.166667
8 0.2 0.166667
8 0.2 0.208333
8 0.2 0.458333
8 0.2 0.166667
8 0.2 0.291667
8 0.2 0.166667
8 0.2 0.208333
8 0.2 0.25
8 0.2 0.208333
8 0.2 0.166667
8 0.2 0.166667
8 0.2 0.166667
8 0.2 0.166667
8 0.2 0.208333
8 0.2 0.0833333
8 0.2 0.125
8 0.2 0.208333
8 0.2 0.208333
8 0.2 0.0833333
8 0.2 0.0833333
8 0.2 0.125
8 0.2 0.208333
8 0.2 0.208333
8 0.2 0.291667
8 0.2 0.208333
8 0.2 0.208333
8 0.2 0.125
8 0.2 0.166667
8 0.2 0.208333
8 0.2 0.208333
8 0.2 0.208333
8 0.2 0.166667
8 0.2 0.25
8 0.2 0.208333
8 0.2 0.208333
8 0.2 0.25
8 0.2 0.166667
8 0.2 0.25
8 0.2 0.291667
8 0.2 0.25
8 0.2 0.291667
8 0.2 0.208333
8 0.2 0.208333
8 0.2 0.291667
8 0.2 0.416667
8 0.2 0.125
8 0.2 0.25
8 0.2 0.0833333
8 0.2 0.333333
8 0.2 0.291667
8 0.2 0.166667
8 0.2 0.125
8 0.2 0.291667
8 0.2 0.125
8 0.2 0.0833333
8 0.2 0.25
8 0.2 0.208333
8 0.2 0.125
8 0.2 0.166667
8 0.2 0.0833333
8 0.2 0.25
8 0.2 0.166667
8 0.2 0.208333
8 0.2 0.25
8 0.2 0.25
8 0.2 0.0833333
8 0.2 0.125
8 0.2 0.25
8 0.2 0.125
8 0.2 0.25
8 0.2 0.333333
8 0.2 0.291667
8 0.2 0.25
8 0.2 0.208333
8 0.2 0.208333
8 0.2 0.291667
8 0.2 0.166667
8 0.2 0.208333
8 0.2 0.333333
8 0.2 0.166667
8 0.2 0.25
8 0.2 0.291667
8 0.2 0.291667
8 0.2 0.25
8 0.2 0.458333
8 0.2 0.25
8 0.2 0.375
8 0.2 0.166667
8 0.2 0.291667
8 0.2 0.25
8 0.2 0.208333
8 0.2 0.25
8 0.2 0.208333
8 0.2 0.25
8 0.2 0.291667
8 0.2 0.375
8 0.2 0.166667
8 0.2 0.166667
8 0.2 0.291667
8 0.2 0.166667
8 0.2 0.25
8 0.2 0.166667
8 0.2 0.208333
8 0.2 0.125
8 0.2 0.125
8 0.2 0.208333
8 0.2 0.25
8 0.2 0.125
8 0.2 0.166667
8 0.2 0.125
8 0.2 0.208333
8 0.2 0.25
8 0.2 0.416667
8 0.2 0.208333
8 0.2 0.375
8 0.2 0.166667
8 0.2 0.25
8 0.2 0.25
8 0.2 0.208333
8 0.2 0.333333
8 0.2 0.333333
8 0.2 0.208333
8 0.2 0.291667
8 0.2 0.333333
8 0.2 0.166667
8 0.2 0.25
8 0.2 0.291667
8 0.2 0.291667
8 0.2 0.375
8 0.2 0.166667
8 0.2 0.291667
8 0.2 0.416667
8 0.2 0.166667
8 0.2 0.208333
8 0.2 0.208333
