10 0.35 0.791667
10 0.35 0.791667
10 0.35 0.875
10 0.35 0.916667
10 0.35 0.791667
10 0.35 0.791667
10 0.35 0.875
10 0.35 0.791667
10 0.35 0.791667
10 0.35 0.833333
10 0.35 0.833333
10 0.35 0.958333
10 0.35 0.958333
10 0.35 0.791667
10 0.35 0.791667
10 0.35 0.833333
10 0.35 0.833333
10 0.35 0.833333
10 0.35 0.75
10 0.35 0.791667
10 0.35 0.875
10 0.35 0.791667
10 0.35 0.791667
10 0.35 0.875
10 0.35 0.958333
10 0.35 0.833333
10 0.35 0.791667
10 0.35 0.833333
10 0.35 0.875
10 0.35 0.833333
10 0.35 0.708333
10 0.35 0.791667
10 0.35 0.833333
10 0.35 0.875
10 0.35 0.916667
10 0.35 0.875
10 0.35 0.833333
10 0.35 0.791667
10 0.35 0.833333
10 0.35 0.75
10 0.35 0.791667
10 0.35 0.666667
10 0.35 0.75
10 0.35 0.833333
10 0.35 0.833333
10 0.35 0.958333
10 0.35 0.75
10 0.35 0.791667
10 0.35 0.875
10 0.35 0.875
10 0.35 0.916667
10 0.35 0.833333
10 0.35 0.833333
10 0.35 0.916667
10 0.35 0.791667
10 0.35 0.916667
10 0.35 0.791667
10 0.35 0.833333
10 0.35 0.666667
10 0.35 0.916667
10 0.35 0.75
10 0.35 0.833333
10 0.35 0.916667
10 0.35 0.875
10 0.35 0.791667
10 0.35 0.875
10 0.35 0.916667
10 0.35 0.833333
10 0.35 0.791667
10 0.35 0.75
10 0.35 0.75
10 0.35 0.75
10 0.35 0.833333
10 0.35 0.791667
10 0.35 0.875
10 0.35 0.875
10 0.35 0.75
10 0.35 0.791667
10 0.35 0.833333
10 0.35 0.958333
10 0.35 0.833333
10 0.35 0.875
10 0.35 0.791667
10 0.35 0.833333
10 0.35 0.791667
10 0.35 0.791667
10 0.35 0.708333
10 0.35 0.833333
10 0.35 0.708333
10 0.35 0.833333
10 0.35 0.791667
10 0.35 0.791667
10 0.35 0.708333
10 0.35 0.916667
10 0.35 0.708333
10 0.35 0.75
10 0.35 0.791667
10 0.35 0.791667
10 0.35 0.958333
10 0.35 0.791667
10 0.35 0.708333
10 0.35 0.833333
10 0.35 0.791667
10 0.35 0.791667
10 0.35 0.75
10 0.35 0.916667
10 0.35 0.708333
10 0.35 0.75
10 0.35 0.833333
10 0.35 0.875
10 0.35 0.875
10 0.35 0.833333
10 0.35 0.791667
10 0.35 0.708333
10 0.35 0.875
10 0.35 0.791667
10 0.35 0.791667
10 0.35 0.791667
10 0.35 0.833333
10 0.35 0.916667
10 0.35 0.833333
10 0.35 0.75
10 0.35 0.833333
10 0.35 0.791667
10 0.35 0.75
10 0.35 0.875
10 0.35 0.833333
10 0.35 0.791667
10 0.35 0.791667
10 0.35 0.791667
10 0.35 0.75
10 0.35 0.791667
10 0.35 0.833333
10 0.35 0.833333
10 0.35 0.75
10 0.35 0.875
10 0.35 0.875
10 0.35 0.791667
10 0.35 0.75
10 0.35 0.875
10 0.35 0.791667
10 0.35 0.875
10 0.35 0.791667
10 0.35 0.708333
10 0.35 0.833333
10 0.35 0.916667
10 0.35 0.875
10 0.35 0.708333
10 0.35 0.833333
10 0.35 0.791667
10 0.35 0.833333
10 0.35 0.833333
10 0.35 0.833333
10 0.35 0.833333
10 0.35 0.791667
10 0.35 0.75
10 0.35 0.791667
10 0.35 0.875
10 0.35 0.791667
10 0.35 0.791667
10 0.35 0.833333
10 0.35 0.875
10 0.35 0.916667
10 0.35 0.75
10 0.35 0.791667
10 0.35 0.791667
10 0.35 0.75
10 0.35 0.75
10 0.35 0.791667
10 0.35 0.75
10 0.35 0.833333
10 0.35 0.875
10 0.35 0.75
10 0.35 0.875
10 0.35 0.75
10 0.35 0.833333
10 0.35 0.791667
10 0.35 0.791667
10 0.35 0.875
10 0.35 0.791667
10 0.35 0.791667
10 0.35 0.916667
10 0.35 0.75
10 0.35 0.75
10 0.35 0.833333
10 0.35 0.791667
10 0.35 0.75
10 0.35 0.875
10 0.35 0.833333
10 0.35 0.791667
10 0.35 0.791667
10 0.35 0.708333
10 0.35 0.791667
10 0.35 0.875
10 0.35 0.833333
10 0.35 0.833333
10 0.35 0.916667
10 0.35 0.833333
10 0.35 0.916667
10 0.35 0.875
10 0.35 0.833333
10 0.35 0.958333
10 0.35 0.708333
10 0.35 0.833333
10 0.35 0.791667
10 0.35 0.875
10 0.35 0.791667
10 0.35 0.833333
10 0.35 0.916667
10 0.35 0.833333
10 0.35 0.916667
10 0.35 0.791667
10 0.35 0.791667
10 0.35 0.833333
10 0.35 0.875
10 0.35 0.791667
10 0.35 0.833333
10 0.35 0.833333
10 0.35 0.708333
10 0.35 0.958333
10 0.35 0.833333
10 0.35 0.791667
10 0.35 0.708333
10 0.35 0.791667
10 0.35 0.833333
10 0.35 0.75
10 0.35 0.916667
10 0.35 0.875
10 0.35 0.75
10 0.35 0.916667
10 0.35 0.833333
10 0.35 0.833333
10 0.35 0.916667
10 0.35 0.791667
10 0.35 0.791667
10 0.35 0.75
10 0.35 0.791667
10 0.35 0.875
10 0.35 0.75
10 0.35 0.833333
10 0.35 0.75
10 0.35 0.708333
10 0.35 0.833333
10 0.35 0.916667
10 0.35 0.833333
10 0.35 0.791667
10 0.35 0.875
10 0.35 0.75
10 0.35 0.875
10 0.35 0.833333
10 0.35 0.75
10 0.35 0.958333
10 0.35 0.875
10 0.35 0.791667
10 0.35 0.75
10 0.35 0.708333
10 0.35 0.875
10 0.35 0.916667
10 0.35 0.75
10 0.35 0.75
10 0.35 0.708333
10 0.35 0.791667
10 0.35 0.833333
10 0.35 0.791667
10 0.35 0.916667
10 0.35 0.833333
10 0.35 0.75
10 0.35 0.833333
10 0.35 0.833333
10 0.35 0.75
10 0.35 0.833333
10 0.35 0.875
10 0.35 0.708333
10 0.35 0.833333
10 0.35 0.916667
10 0.35 0.791667
10 0.35 0.833333
10 0.35 0.833333
10 0.35 0.791667
10 0.35 0.833333
10 0.35 0.791667
10 0.35 0.875
10 0.35 0.791667
10 0.35 0.875
10 0.35 0.791667
10 0.35 0.833333
10 0.35 0.875
10 0.35 0.916667
10 0.35 0.833333
10 0.35 0.75
10 0.35 0.708333
10 0.35 0.75
10 0.35 0.75
10 0.35 0.666667
10 0.35 0.833333
10 0.35 0.875
10 0.35 0.708333
10 0.35 0.916667
10 0.35 0.916667
10 0.35 0.708333
10 0.35 0.833333
10 0.35 0.791667
10 0.35 0.875
10 0.35 0.833333
10 0.35 0.791667
10 0.35 0.875
10 0.35 0.625
10 0.35 0.75
10 0.35 0.708333
10 0.35 0.916667
10 0.35 0.833333
10 0.35 0.791667
10 0.35 0.75
10 0.35 0.833333
10 0.35 0.791667
10 0.35 0.875
10 0.35 0.916667
10 0.35 0.833333
10 0.35 0.708333
10 0.35 0.75
10 0.35 0.75
10 0.35 0.875
10 0.35 0.75
10 0.35 0.916667
10 0.35 0.75
10 0.35 0.666667
10 0.35 0.791667
10 0.35 0.916667
10 0.35 0.791667
10 0.35 0.75
10 0.35 0.791667
10 0.35 0.791667
10 0.35 0.875
10 0.35 0.875
10 0.35 0.833333
10 0.35 0.875
10 0.35 0.75
10 0.35 0.75
10 0.35 0.875
10 0.35 0.916667
10 0.35 0.833333
10 0.35 0.833333
10 0.35 0.916667
10 0.35 0.791667
10 0.35 0.833333
10 0.35 0.75
10 0.35 0.791667
10 0.35 0.791667
10 0.35 0.791667
10 0.35 0.833333
10 0.35 0.75
10 0.35 0.875
10 0.35 0.75
10 0.35 0.791667
10 0.35 0.833333
10 0.35 0.791667
10 0.35 0.791667
10 0.35 0.75
10 0.35 0.75
10 0.35 0.791667
12 0.35 0.666667
12 0.35 0.75
12 0.35 0.75
12 0.35 0.75
12 0.35 0.708333
12 0.35 0.708333
12 0.35 0.625
12 0.35 0.666667
12 0.35 0.833333
12 0.35 0.666667
12 0.35 0.666667
12 0.35 0.708333
12 0.35 0.75
12 0.35 0.625
12 0.35 0.666667
12 0.35 0.75
12 0.35 0.75
12 0.35 0.875
12 0.35 0.833333
12 0.35 0.75
12 0.35 0.75
12 0.35 0.791667
12 0.35 0.75
12 0.35 0.791667
12 0.35 0.791667
12 0.35 0.75
12 0.35 0.75
12 0.35 0.75
12 0.35 0.833333
12 0.35 0.791667
12 0.35 0.833333
12 0.35 0.791667
12 0.35 0.625
12 0.35 0.75
12 0.35 0.625
12 0.35 0.791667
12 0.35 0.75
12 0.35 0.833333
12 0.35 0.833333
12 0.35 0.666667
12 0.35 0.75
12 0.35 0.875
12 0.35 0.791667
12 0.35 0.833333
12 0.35 0.75
12 0.35 0.791667
12 0.35 0.708333
12 0.35 0.708333
12 0.35 0.75
12 0.35 0.666667
12 0.35 0.666667
12 0.35 0.708333
12 0.35 0.75
12 0.35 0.666667
12 0.35 0.791667
12 0.35 0.75
12 0.35 0.708333
12 0.35 0.708333
12 0.35 0.875
12 0.35 0.708333
12 0.35 0.666667
12 0.35 0.708333
12 0.35 0.791667
12 0.35 0.708333
12 0.35 0.708333
12 0.35 0.708333
12 0.35 0.75
12 0.35 0.708333
12 0.35 0.75
12 0.35 0.833333
12 0.35 0.75
12 0.35 0.875
12 0.35 0.791667
12 0.35 0.708333
12 0.35 0.791667
12 0.35 0.75
12 0.35 0.708333
12 0.35 0.791667
12 0.35 0.708333
12 0.35 0.708333
12 0.35 0.666667
12 0.35 0.708333
12 0.35 0.833333
12 0.35 0.791667
12 0.35 0.75
12 0.35 0.791667
12 0.35 0.708333
12 0.35 0.708333
12 0.35 0.708333
12 0.35 0.708333
12 0.35 0.916667
12 0.35 0.708333
12 0.35 0.791667
12 0.35 0.75
12 0.35 0.875
12 0.35 0.708333
12 0.35 0.625
12 0.35 0.708333
12 0.35 0.791667
12 0.35 0.791667
12 0.35 0.708333
12 0.35 0.75
12 0.35 0.833333
12 0.35 0.708333
12 0.35 0.75
12 0.35 0.708333
12 0.35 0.791667
12 0.35 0.75
12 0.35 0.708333
12 0.35 0.75
12 0.35 0.75
12 0.35 0.833333
12 0.35 0.708333
12 0.35 0.583333
12 0.35 0.75
12 0.35 0.75
12 0.35 0.541667
12 0.35 0.75
12 0.35 0.708333
12 0.35 0.75
12 0.35 0.875
12 0.35 0.708333
12 0.35 0.833333
12 0.35 0.75
12 0.35 0.791667
12 0.35 0.708333
12 0.35 0.75
12 0.35 0.791667
12 0.35 0.916667
12 0.35 0.791667
12 0.35 0.708333
12 0.35 0.75
12 0.35 0.708333
12 0.35 0.75
12 0.35 0.75
12 0.35 0.75
12 0.35 0.75
12 0.35 0.75
12 0.35 0.833333
12 0.35 0.666667
12 0.35 0.791667
12 0.35 0.833333
12 0.35 0.666667
12 0.35 0.75
12 0.35 0.833333
12 0.35 0.875
12 0.35 0.666667
12 0.35 0.708333
12 0.35 0.791667
12 0.35 0.833333
12 0.35 0.666667
12 0.35 0.75
12 0.35 0.75
12 0.35 0.625
12 0.35 0.666667
12 0.35 0.708333
12 0.35 0.625
12 0.35 0.666667
12 0.35 0.708333
12 0.35 0.791667
12 0.35 0.791667
12 0.35 0.833333
12 0.35 0.75
12 0.35 0.791667
12 0.35 0.791667
12 0.35 0.833333
12 0.35 0.541667
12 0.35 0.791667
12 0.35 0.583333
12 0.35 0.791667
12 0.35 0.791667
12 0.35 0.833333
12 0.35 0.708333
12 0.35 0.75
12 0.35 0.666667
12 0.35 0.625
12 0.35 0.625
12 0.35 0.75
12 0.35 0.791667
12 0.35 0.875
12 0.35 0.791667
12 0.35 0.791667
12 0.35 0.75
12 0.35 0.708333
12 0.35 0.75
12 0.35 0.708333
12 0.35 0.75
12 0.35 0.708333
12 0.35 0.75
12 0.35 0.708333
12 0.35 0.75
12 0.35 0.833333
12 0.35 0.708333
12 0.35 0.708333
12 0.35 0.791667
12 0.35 0.708333
12 0.35 0.791667
12 0.35 0.75
12 0.35 0.666667
12 0.35 0.75
12 0.35 0.666667
12 0.35 0.75
12 0.35 0.708333
12 0.35 0.791667
12 0.35 0.791667
12 0.35 0.708333
12 0.35 0.666667
12 0.35 0.708333
12 0.35 0.791667
12 0.35 0.791667
12 0.35 0.625
12 0.35 0.75
12 0.35 0.708333
12 0.35 0.708333
12 0.35 0.833333
12 0.35 0.75
12 0.35 0.75
12 0.35 0.75
12 0.35 0.791667
12 0.35 0.75
12 0.35 0.708333
12 0.35 0.791667
12 0.35 0.791667
12 0.35 0.708333
12 0.35 0.666667
12 0.35 0.708333
12 0.35 0.791667
12 0.35 0.75
12 0.35 0.625
12 0.35 0.666667
12 0.35 0.75
12 0.35 0.875
12 0.35 0.791667
12 0.35 0.625
12 0.35 0.75
12 0.35 0.833333
12 0.35 0.75
12 0.35 0.75
12 0.35 0.75
12 0.35 0.708333
12 0.35 0.708333
12 0.35 0.75
12 0.35 0.708333
12 0.35 0.791667
12 0.35 0.75
12 0.35 0.791667
12 0.35 0.583333
12 0.35 0.791667
12 0.35 0.791667
12 0.35 0.75
12 0.35 0.666667
12 0.35 0.708333
12 0.35 0.75
12 0.35 0.833333
12 0.35 0.875
12 0.35 0.75
12 0.35 0.666667
12 0.35 0.75
12 0.35 0.708333
12 0.35 0.708333
12 0.35 0.666667
12 0.35 0.833333
12 0.35 0.583333
12 0.35 0.708333
12 0.35 0.833333
12 0.35 0.833333
12 0.35 0.708333
12 0.35 0.75
12 0.35 0.708333
12 0.35 0.708333
12 0.35 0.791667
12 0.35 0.75
12 0.35 0.833333
12 0.35 0.875
12 0.35 0.791667
12 0.35 0.791667
12 0.35 0.708333
12 0.35 0.75
12 0.35 0.666667
12 0.35 0.666667
12 0.35 0.708333
12 0.35 0.791667
12 0.35 0.666667
12 0.35 0.875
12 0.35 0.833333
12 0.35 0.666667
12 0.35 0.75
12 0.35 0.791667
12 0.35 0.708333
12 0.35 0.666667
12 0.35 0.75
12 0.35 0.708333
12 0.35 0.791667
12 0.35 0.75
12 0.35 0.791667
12 0.35 0.666667
12 0.35 0.791667
12 0.35 0.708333
12 0.35 0.791667
12 0.35 0.666667
12 0.35 0.75
12 0.35 0.791667
12 0.35 0.75
12 0.35 0.75
12 0.35 0.75
12 0.35 0.75
12 0.35 0.666667
12 0.35 0.75
12 0.35 0.75
12 0.35 0.708333
12 0.35 0.708333
12 0.35 0.833333
12 0.35 0.666667
12 0.35 0.666667
12 0.35 0.666667
12 0.35 0.75
12 0.35 0.791667
12 0.35 0.708333
12 0.35 0.75
12 0.35 0.833333
12 0.35 0.791667
12 0.35 0.708333
12 0.35 0.666667
12 0.35 0.666667
12 0.35 0.75
12 0.35 0.75
12 0.35 0.791667
12 0.35 0.708333
12 0.35 0.666667
12 0.35 0.791667
12 0.35 0.791667
12 0.35 0.75
12 0.35 0.791667
12 0.35 0.708333
12 0.35 0.75
12 0.35 0.75
12 0.35 0.625
12 0.35 0.75
12 0.35 0.833333
12 0.35 0.666667
12 0.35 0.791667
12 0.35 0.75
12 0.35 0.75
12 0.35 0.666667
12 0.35 0.75
12 0.35 0.625
12 0.35 0.75
12 0.35 0.583333
12 0.35 0.75
12 0.35 0.75
12 0.35 0.75
12 0.35 0.666667
12 0.35 0.791667
12 0.35 0.666667
12 0.35 0.708333
12 0.35 0.791667
12 0.35 0.708333
12 0.35 0.625
12 0.35 0.666667
12 0.35 0.791667
20 0.35 0.666667
20 0.35 0.666667
20 0.35 0.458333
20 0.35 0.5
20 0.35 0.5
20 0.35 0.416667
20 0.35 0.583333
20 0.35 0.541667
20 0.35 0.583333
20 0.35 0.625
20 0.35 0.583333
20 0.35 0.458333
20 0.35 0.541667
20 0.35 0.5
20 0.35 0.625
20 0.35 0.5
20 0.35 0.666667
20 0.35 0.583333
20 0.35 0.5
20 0.35 0.541667
20 0.35 0.458333
20 0.35 0.625
20 0.35 0.666667
20 0.35 0.5
20 0.35 0.583333
20 0.35 0.541667
20 0.35 0.541667
20 0.35 0.416667
20 0.35 0.416667
20 0.35 0.5
20 0.35 0.583333
20 0.35 0.5
20 0.35 0.583333
20 0.35 0.625
20 0.35 0.583333
20 0.35 0.583333
20 0.35 0.583333
20 0.35 0.666667
20 0.35 0.625
20 0.35 0.5
20 0.35 0.583333
20 0.35 0.5
20 0.35 0.583333
20 0.35 0.583333
20 0.35 0.583333
20 0.35 0.5
20 0.35 0.583333
20 0.35 0.583333
20 0.35 0.458333
20 0.35 0.541667
20 0.35 0.5
20 0.35 0.541667
20 0.35 0.541667
20 0.35 0.541667
20 0.35 0.5
20 0.35 0.5
20 0.35 0.5
20 0.35 0.666667
20 0.35 0.583333
20 0.35 0.583333
20 0.35 0.625
20 0.35 0.541667
20 0.35 0.541667
20 0.35 0.583333
20 0.35 0.625
20 0.35 0.583333
20 0.35 0.458333
20 0.35 0.458333
20 0.35 0.625
20 0.35 0.625
20 0.35 0.5
20 0.35 0.5
20 0.35 0.541667
20 0.35 0.458333
20 0.35 0.458333
20 0.35 0.5
20 0.35 0.625
20 0.35 0.458333
20 0.35 0.583333
20 0.35 0.583333
20 0.35 0.583333
20 0.35 0.666667
20 0.35 0.5
20 0.35 0.458333
20 0.35 0.541667
20 0.35 0.5
20 0.35 0.541667
20 0.35 0.666667
20 0.35 0.5
20 0.35 0.625
20 0.35 0.5
20 0.35 0.625
20 0.35 0.416667
20 0.35 0.625
20 0.35 0.583333
20 0.35 0.541667
20 0.35 0.583333
20 0.35 0.625
20 0.35 0.583333
20 0.35 0.541667
20 0.35 0.625
20 0.35 0.5
20 0.35 0.541667
20 0.35 0.541667
20 0.35 0.541667
20 0.35 0.458333
20 0.35 0.583333
20 0.35 0.583333
20 0.35 0.541667
20 0.35 0.625
20 0.35 0.625
20 0.35 0.583333
20 0.35 0.541667
20 0.35 0.625
20 0.35 0.583333
20 0.35 0.5
20 0.35 0.458333
20 0.35 0.541667
20 0.35 0.541667
20 0.35 0.458333
20 0.35 0.666667
20 0.35 0.541667
20 0.35 0.5
20 0.35 0.625
20 0.35 0.583333
20 0.35 0.583333
20 0.35 0.583333
20 0.35 0.541667
20 0.35 0.583333
20 0.35 0.625
20 0.35 0.625
20 0.35 0.666667
20 0.35 0.541667
20 0.35 0.5
20 0.35 0.583333
20 0.35 0.541667
20 0.35 0.458333
20 0.35 0.541667
20 0.35 0.5
20 0.35 0.5
20 0.35 0.583333
20 0.35 0.583333
20 0.35 0.5
20 0.35 0.583333
20 0.35 0.541667
20 0.35 0.625
20 0.35 0.375
20 0.35 0.458333
20 0.35 0.666667
20 0.35 0.541667
20 0.35 0.541667
20 0.35 0.5
20 0.35 0.583333
20 0.35 0.75
20 0.35 0.416667
20 0.35 0.583333
20 0.35 0.583333
20 0.35 0.5
20 0.35 0.666667
20 0.35 0.625
20 0.35 0.583333
20 0.35 0.583333
20 0.35 0.458333
20 0.35 0.5
20 0.35 0.541667
20 0.35 0.541667
20 0.35 0.5
20 0.35 0.583333
20 0.35 0.458333
20 0.35 0.541667
20 0.35 0.583333
20 0.35 0.541667
20 0.35 0.583333
20 0.35 0.458333
20 0.35 0.458333
20 0.35 0.708333
20 0.35 0.541667
20 0.35 0.625
20 0.35 0.5
20 0.35 0.625
20 0.35 0.583333
20 0.35 0.583333
20 0.35 0.541667
20 0.35 0.541667
20 0.35 0.625
20 0.35 0.416667
20 0.35 0.625
20 0.35 0.625
20 0.35 0.541667
20 0.35 0.541667
20 0.35 0.625
20 0.35 0.541667
20 0.35 0.458333
20 0.35 0.583333
20 0.35 0.5
20 0.35 0.541667
20 0.35 0.625
20 0.35 0.625
20 0.35 0.625
20 0.35 0.583333
20 0.35 0.583333
20 0.35 0.583333
20 0.35 0.458333
20 0.35 0.5
20 0.35 0.541667
20 0.35 0.5
20 0.35 0.583333
20 0.35 0.791667
20 0.35 0.583333
20 0.35 0.5
20 0.35 0.666667
20 0.35 0.583333
20 0.35 0.458333
20 0.35 0.541667
20 0.35 0.541667
20 0.35 0.583333
20 0.35 0.625
20 0.35 0.666667
20 0.35 0.625
20 0.35 0.583333
20 0.35 0.625
20 0.35 0.666667
20 0.35 0.458333
20 0.35 0.625
20 0.35 0.625
20 0.35 0.708333
20 0.35 0.458333
20 0.35 0.583333
20 0.35 0.541667
20 0.35 0.625
20 0.35 0.5
20 0.35 0.5
20 0.35 0.583333
20 0.35 0.583333
20 0.35 0.583333
20 0.35 0.375
20 0.35 0.583333
20 0.35 0.708333
20 0.35 0.708333
20 0.35 0.541667
20 0.35 0.541667
20 0.35 0.583333
20 0.35 0.583333
20 0.35 0.583333
20 0.35 0.625
20 0.35 0.625
20 0.35 0.625
20 0.35 0.666667
20 0.35 0.541667
20 0.35 0.625
20 0.35 0.541667
20 0.35 0.708333
20 0.35 0.5
20 0.35 0.583333
20 0.35 0.541667
20 0.35 0.375
20 0.35 0.625
20 0.35 0.583333
20 0.35 0.625
20 0.35 0.541667
20 0.35 0.458333
20 0.35 0.583333
20 0.35 0.708333
20 0.35 0.541667
20 0.35 0.458333
20 0.35 0.625
20 0.35 0.583333
20 0.35 0.666667
20 0.35 0.416667
20 0.35 0.541667
20 0.35 0.5
20 0.35 0.5
20 0.35 0.416667
20 0.35 0.625
20 0.35 0.708333
20 0.35 0.583333
20 0.35 0.583333
20 0.35 0.625
20 0.35 0.583333
20 0.35 0.625
20 0.35 0.458333
20 0.35 0.625
20 0.35 0.625
20 0.35 0.666667
20 0.35 0.541667
20 0.35 0.625
20 0.35 0.666667
20 0.35 0.541667
20 0.35 0.625
20 0.35 0.583333
20 0.35 0.625
20 0.35 0.5
20 0.35 0.541667
20 0.35 0.583333
20 0.35 0.541667
20 0.35 0.666667
20 0.35 0.625
20 0.35 0.458333
20 0.35 0.458333
20 0.35 0.625
20 0.35 0.541667
20 0.35 0.666667
20 0.35 0.458333
20 0.35 0.5
20 0.35 0.666667
20 0.35 0.5
20 0.35 0.458333
20 0.35 0.541667
20 0.35 0.583333
20 0.35 0.625
20 0.35 0.625
20 0.35 0.583333
20 0.35 0.5
20 0.35 0.666667
20 0.35 0.666667
20 0.35 0.583333
20 0.35 0.458333
20 0.35 0.541667
20 0.35 0.625
20 0.35 0.583333
20 0.35 0.458333
20 0.35 0.416667
20 0.35 0.541667
20 0.35 0.541667
20 0.35 0.458333
20 0.35 0.583333
20 0.35 0.541667
20 0.35 0.541667
20 0.35 0.666667
20 0.35 0.583333
20 0.35 0.583333
20 0.35 0.541667
20 0.35 0.583333
20 0.35 0.583333
20 0.35 0.416667
20 0.35 0.583333
20 0.35 0.5
20 0.35 0.708333
20 0.35 0.583333
20 0.35 0.666667
20 0.35 0.625
20 0.35 0.541667
20 0.35 0.625
20 0.35 0.583333
20 0.35 0.541667
20 0.35 0.541667
20 0.35 0.5
20 0.35 0.625
20 0.35 0.625
20 0.35 0.625
20 0.35 0.708333
20 0.35 0.583333
20 0.35 0.625
20 0.35 0.5
20 0.35 0.625
20 0.35 0.583333
20 0.35 0.666667
20 0.35 0.541667
20 0.35 0.666667
20 0.35 0.666667
28 0.35 0.416667
28 0.35 0.458333
28 0.35 0.416667
28 0.35 0.5
28 0.35 0.416667
28 0.35 0.416667
28 0.35 0.5
28 0.35 0.458333
28 0.35 0.583333
28 0.35 0.458333
28 0.35 0.458333
28 0.35 0.375
28 0.35 0.5
28 0.35 0.5
28 0.35 0.416667
28 0.35 0.416667
28 0.35 0.583333
28 0.35 0.5
28 0.35 0.5
28 0.35 0.541667
28 0.35 0.458333
28 0.35 0.541667
28 0.35 0.5
28 0.35 0.541667
28 0.35 0.416667
28 0.35 0.541667
28 0.35 0.416667
28 0.35 0.541667
28 0.35 0.583333
28 0.35 0.625
28 0.35 0.5
28 0.35 0.541667
28 0.35 0.416667
28 0.35 0.458333
28 0.35 0.416667
28 0.35 0.416667
28 0.35 0.375
28 0.35 0.541667
28 0.35 0.458333
28 0.35 0.416667
28 0.35 0.541667
28 0.35 0.541667
28 0.35 0.5
28 0.35 0.625
28 0.35 0.375
28 0.35 0.458333
28 0.35 0.583333
28 0.35 0.541667
28 0.35 0.458333
28 0.35 0.583333
28 0.35 0.416667
28 0.35 0.541667
28 0.35 0.416667
28 0.35 0.333333
28 0.35 0.458333
28 0.35 0.5
28 0.35 0.458333
28 0.35 0.458333
28 0.35 0.416667
28 0.35 0.458333
28 0.35 0.625
28 0.35 0.5
28 0.35 0.541667
28 0.35 0.5
28 0.35 0.458333
28 0.35 0.458333
28 0.35 0.458333
28 0.35 0.375
28 0.35 0.416667
28 0.35 0.458333
28 0.35 0.416667
28 0.35 0.5
28 0.35 0.458333
28 0.35 0.416667
28 0.35 0.5
28 0.35 0.541667
28 0.35 0.583333
28 0.35 0.5
28 0.35 0.5
28 0.35 0.583333
28 0.35 0.541667
28 0.35 0.5
28 0.35 0.458333
28 0.35 0.5
28 0.35 0.5
28 0.35 0.458333
28 0.35 0.375
28 0.35 0.5
28 0.35 0.416667
28 0.35 0.541667
28 0.35 0.375
28 0.35 0.5
28 0.35 0.291667
28 0.35 0.458333
28 0.35 0.5
28 0.35 0.416667
28 0.35 0.5
28 0.35 0.541667
28 0.35 0.5
28 0.35 0.541667
28 0.35 0.5
28 0.35 0.458333
28 0.35 0.416667
28 0.35 0.5
28 0.35 0.416667
28 0.35 0.375
28 0.35 0.416667
28 0.35 0.458333
28 0.35 0.541667
28 0.35 0.583333
28 0.35 0.458333
28 0.35 0.5
28 0.35 0.416667
28 0.35 0.583333
28 0.35 0.541667
28 0.35 0.5
28 0.35 0.541667
28 0.35 0.416667
28 0.35 0.5
28 0.35 0.458333
28 0.35 0.5
28 0.35 0.583333
28 0.35 0.583333
28 0.35 0.583333
28 0.35 0.5
28 0.35 0.458333
28 0.35 0.5
28 0.35 0.416667
28 0.35 0.458333
28 0.35 0.5
28 0.35 0.541667
28 0.35 0.458333
28 0.35 0.583333
28 0.35 0.458333
28 0.35 0.625
28 0.35 0.625
28 0.35 0.5
28 0.35 0.541667
28 0.35 0.375
28 0.35 0.541667
28 0.35 0.541667
28 0.35 0.5
28 0.35 0.458333
28 0.35 0.583333
28 0.35 0.375
28 0.35 0.583333
28 0.35 0.458333
28 0.35 0.541667
28 0.35 0.416667
28 0.35 0.5
28 0.35 0.416667
28 0.35 0.458333
28 0.35 0.5
28 0.35 0.541667
28 0.35 0.541667
28 0.35 0.416667
28 0.35 0.541667
28 0.35 0.541667
28 0.35 0.541667
28 0.35 0.416667
28 0.35 0.583333
28 0.35 0.5
28 0.35 0.5
28 0.35 0.458333
28 0.35 0.5
28 0.35 0.5
28 0.35 0.5
28 0.35 0.625
28 0.35 0.375
28 0.35 0.333333
28 0.35 0.541667
28 0.35 0.583333
28 0.35 0.416667
28 0.35 0.5
28 0.35 0.541667
28 0.35 0.5
28 0.35 0.583333
28 0.35 0.5
28 0.35 0.583333
28 0.35 0.541667
28 0.35 0.583333
28 0.35 0.458333
28 0.35 0.5
28 0.35 0.458333
28 0.35 0.458333
28 0.35 0.583333
28 0.35 0.458333
28 0.35 0.416667
28 0.35 0.541667
28 0.35 0.458333
28 0.35 0.541667
28 0.35 0.583333
28 0.35 0.458333
28 0.35 0.583333
28 0.35 0.583333
28 0.35 0.458333
28 0.35 0.5
28 0.35 0.5
28 0.35 0.5
28 0.35 0.375
28 0.35 0.583333
28 0.35 0.375
28 0.35 0.583333
28 0.35 0.5
28 0.35 0.625
28 0.35 0.541667
28 0.35 0.583333
28 0.35 0.5
28 0.35 0.5
28 0.35 0.625
28 0.35 0.416667
28 0.35 0.5
28 0.35 0.541667
28 0.35 0.583333
28 0.35 0.458333
28 0.35 0.708333
28 0.35 0.416667
28 0.35 0.583333
28 0.35 0.458333
28 0.35 0.666667
28 0.35 0.458333
28 0.35 0.541667
28 0.35 0.541667
28 0.35 0.5
28 0.35 0.5
28 0.35 0.708333
28 0.35 0.666667
28 0.35 0.541667
28 0.35 0.5
28 0.35 0.416667
28 0.35 0.5
28 0.35 0.5
28 0.35 0.625
28 0.35 0.541667
28 0.35 0.625
28 0.35 0.541667
28 0.35 0.5
28 0.35 0.541667
28 0.35 0.541667
28 0.35 0.5
28 0.35 0.541667
28 0.35 0.416667
28 0.35 0.583333
28 0.35 0.583333
28 0.35 0.541667
28 0.35 0.541667
28 0.35 0.458333
28 0.35 0.375
28 0.35 0.583333
28 0.35 0.583333
28 0.35 0.625
28 0.35 0.625
28 0.35 0.541667
28 0.35 0.5
28 0.35 0.458333
28 0.35 0.541667
28 0.35 0.458333
28 0.35 0.541667
28 0.35 0.541667
28 0.35 0.541667
28 0.35 0.583333
28 0.35 0.5
28 0.35 0.458333
28 0.35 0.583333
28 0.35 0.458333
28 0.35 0.541667
28 0.35 0.541667
28 0.35 0.666667
28 0.35 0.5
28 0.35 0.458333
28 0.35 0.541667
28 0.35 0.5
28 0.35 0.625
28 0.35 0.458333
28 0.35 0.5
28 0.35 0.541667
28 0.35 0.416667
28 0.35 0.583333
28 0.35 0.583333
28 0.35 0.5
28 0.35 0.541667
28 0.35 0.541667
28 0.35 0.583333
28 0.35 0.541667
28 0.35 0.541667
28 0.35 0.5
28 0.35 0.541667
28 0.35 0.625
28 0.35 0.5
28 0.35 0.5
28 0.35 0.416667
28 0.35 0.5
28 0.35 0.625
28 0.35 0.541667
28 0.35 0.583333
28 0.35 0.5
28 0.35 0.541667
28 0.35 0.583333
28 0.35 0.458333
28 0.35 0.541667
28 0.35 0.5
28 0.35 0.458333
28 0.35 0.583333
28 0.35 0.541667
28 0.35 0.625
28 0.35 0.5
28 0.35 0.458333
28 0.35 0.5
28 0.35 0.541667
28 0.35 0.5
28 0.35 0.5
28 0.35 0.5
28 0.35 0.625
28 0.35 0.416667
28 0.35 0.666667
28 0.35 0.541667
28 0.35 0.458333
28 0.35 0.583333
28 0.35 0.583333
28 0.35 0.416667
28 0.35 0.541667
28 0.35 0.5
28 0.35 0.541667
28 0.35 0.583333
28 0.35 0.5
28 0.35 0.541667
28 0.35 0.458333
28 0.35 0.541667
28 0.35 0.625
28 0.35 0.583333
28 0.35 0.666667
28 0.35 0.541667
28 0.35 0.541667
28 0.35 0.458333
28 0.35 0.625
28 0.35 0.5
28 0.35 0.416667
28 0.35 0.583333
28 0.35 0.5
28 0.35 0.583333
28 0.35 0.583333
28 0.35 0.416667
28 0.35 0.5
28 0.35 0.458333
28 0.35 0.583333
28 0.35 0.541667
28 0.35 0.5
28 0.35 0.458333
28 0.35 0.458333
28 0.35 0.583333
28 0.35 0.5
28 0.35 0.666667
28 0.35 0.5
28 0.35 0.583333
28 0.35 0.541667
28 0.35 0.541667
28 0.35 0.541667
28 0.35 0.541667
28 0.35 0.625
28 0.35 0.541667
36 0.35 0.416667
36 0.35 0.416667
36 0.35 0.458333
36 0.35 0.416667
36 0.35 0.416667
36 0.35 0.416667
36 0.35 0.458333
36 0.35 0.458333
36 0.35 0.5
36 0.35 0.458333
36 0.35 0.416667
36 0.35 0.458333
36 0.35 0.416667
36 0.35 0.375
36 0.35 0.375
36 0.35 0.541667
36 0.35 0.583333
36 0.35 0.375
36 0.35 0.416667
36 0.35 0.458333
36 0.35 0.416667
36 0.35 0.416667
36 0.35 0.458333
36 0.35 0.25
36 0.35 0.583333
36 0.35 0.5
36 0.35 0.333333
36 0.35 0.416667
36 0.35 0.5
36 0.35 0.416667
36 0.35 0.5
36 0.35 0.375
36 0.35 0.458333
36 0.35 0.416667
36 0.35 0.375
36 0.35 0.541667
36 0.35 0.416667
36 0.35 0.416667
36 0.35 0.458333
36 0.35 0.416667
36 0.35 0.5
36 0.35 0.416667
36 0.35 0.458333
36 0.35 0.541667
36 0.35 0.458333
36 0.35 0.458333
36 0.35 0.5
36 0.35 0.5
36 0.35 0.375
36 0.35 0.375
36 0.35 0.541667
36 0.35 0.5
36 0.35 0.5
36 0.35 0.375
36 0.35 0.458333
36 0.35 0.541667
36 0.35 0.5
36 0.35 0.375
36 0.35 0.416667
36 0.35 0.458333
36 0.35 0.541667
36 0.35 0.5
36 0.35 0.458333
36 0.35 0.541667
36 0.35 0.291667
36 0.35 0.583333
36 0.35 0.5
36 0.35 0.416667
36 0.35 0.5
36 0.35 0.541667
36 0.35 0.416667
36 0.35 0.458333
36 0.35 0.5
36 0.35 0.458333
36 0.35 0.375
36 0.35 0.458333
36 0.35 0.583333
36 0.35 0.541667
36 0.35 0.583333
36 0.35 0.541667
36 0.35 0.416667
36 0.35 0.291667
36 0.35 0.5
36 0.35 0.333333
36 0.35 0.375
36 0.35 0.375
36 0.35 0.375
36 0.35 0.458333
36 0.35 0.416667
36 0.35 0.541667
36 0.35 0.416667
36 0.35 0.541667
36 0.35 0.5
36 0.35 0.416667
36 0.35 0.5
36 0.35 0.458333
36 0.35 0.5
36 0.35 0.5
36 0.35 0.458333
36 0.35 0.375
36 0.35 0.458333
36 0.35 0.458333
36 0.35 0.541667
36 0.35 0.458333
36 0.35 0.583333
36 0.35 0.416667
36 0.35 0.458333
36 0.35 0.125
36 0.35 0.5
36 0.35 0.458333
36 0.35 0.5
36 0.35 0.541667
36 0.35 0.5
36 0.35 0.375
36 0.35 0.541667
36 0.35 0.5
36 0.35 0.458333
36 0.35 0.583333
36 0.35 0.5
36 0.35 0.458333
36 0.35 0.541667
36 0.35 0.458333
36 0.35 0.458333
36 0.35 0.5
36 0.35 0.416667
36 0.35 0.5
36 0.35 0.375
36 0.35 0.416667
36 0.35 0.541667
36 0.35 0.458333
36 0.35 0.416667
36 0.35 0.583333
36 0.35 0.458333
36 0.35 0.541667
36 0.35 0.416667
36 0.35 0.541667
36 0.35 0.5
36 0.35 0.458333
36 0.35 0.541667
36 0.35 0.5
36 0.35 0.458333
36 0.35 0.416667
36 0.35 0.458333
36 0.35 0.458333
36 0.35 0.5
36 0.35 0.416667
36 0.35 0.458333
36 0.35 0.416667
36 0.35 0.541667
36 0.35 0.375
36 0.35 0.458333
36 0.35 0.5
36 0.35 0.458333
36 0.35 0.458333
36 0.35 0.416667
36 0.35 0.375
36 0.35 0.541667
36 0.35 0.5
36 0.35 0.583333
36 0.35 0.583333
36 0.35 0.416667
36 0.35 0.416667
36 0.35 0.458333
36 0.35 0.375
36 0.35 0.416667
36 0.35 0.333333
36 0.35 0.458333
36 0.35 0.375
36 0.35 0.583333
36 0.35 0.5
36 0.35 0.416667
36 0.35 0.541667
36 0.35 0.458333
36 0.35 0.666667
36 0.35 0.541667
36 0.35 0.5
36 0.35 0.458333
36 0.35 0.416667
36 0.35 0.541667
36 0.35 0.375
36 0.35 0.416667
36 0.35 0.375
36 0.35 0.416667
36 0.35 0.5
36 0.35 0.5
36 0.35 0.625
36 0.35 0.458333
36 0.35 0.666667
36 0.35 0.458333
36 0.35 0.5
36 0.35 0.541667
36 0.35 0.458333
36 0.35 0.541667
36 0.35 0.416667
36 0.35 0.458333
36 0.35 0.583333
36 0.35 0.5
36 0.35 0.583333
36 0.35 0.458333
36 0.35 0.5
36 0.35 0.416667
36 0.35 0.583333
36 0.35 0.458333
36 0.35 0.583333
36 0.35 0.458333
36 0.35 0.5
36 0.35 0.416667
36 0.35 0.458333
36 0.35 0.416667
36 0.35 0.541667
36 0.35 0.458333
36 0.35 0.583333
36 0.35 0.458333
36 0.35 0.458333
36 0.35 0.416667
36 0.35 0.458333
36 0.35 0.375
36 0.35 0.458333
36 0.35 0.5
36 0.35 0.5
36 0.35 0.458333
36 0.35 0.5
36 0.35 0.458333
36 0.35 0.458333
36 0.35 0.583333
36 0.35 0.416667
36 0.35 0.5
36 0.35 0.583333
36 0.35 0.5
36 0.35 0.5
36 0.35 0.541667
36 0.35 0.583333
36 0.35 0.541667
36 0.35 0.458333
36 0.35 0.5
36 0.35 0.541667
36 0.35 0.583333
36 0.35 0.541667
36 0.35 0.458333
36 0.35 0.333333
36 0.35 0.541667
36 0.35 0.416667
36 0.35 0.541667
36 0.35 0.458333
36 0.35 0.458333
36 0.35 0.458333
36 0.35 0.583333
36 0.35 0.5
36 0.35 0.375
36 0.35 0.625
36 0.35 0.458333
36 0.35 0.583333
36 0.35 0.541667
36 0.35 0.541667
36 0.35 0.541667
36 0.35 0.458333
36 0.35 0.458333
36 0.35 0.416667
36 0.35 0.541667
36 0.35 0.541667
36 0.35 0.541667
36 0.35 0.5
36 0.35 0.416667
36 0.35 0.5
36 0.35 0.416667
36 0.35 0.5
36 0.35 0.541667
36 0.35 0.541667
36 0.35 0.625
36 0.35 0.666667
36 0.35 0.458333
36 0.35 0.458333
36 0.35 0.541667
36 0.35 0.416667
36 0.35 0.458333
36 0.35 0.541667
36 0.35 0.541667
36 0.35 0.583333
36 0.35 0.541667
36 0.35 0.416667
36 0.35 0.458333
36 0.35 0.5
36 0.35 0.416667
36 0.35 0.5
36 0.35 0.5
36 0.35 0.458333
36 0.35 0.5
36 0.35 0.583333
36 0.35 0.541667
36 0.35 0.625
36 0.35 0.541667
36 0.35 0.583333
36 0.35 0.5
36 0.35 0.583333
36 0.35 0.333333
36 0.35 0.375
36 0.35 0.625
36 0.35 0.5
36 0.35 0.5
36 0.35 0.583333
36 0.35 0.541667
36 0.35 0.458333
36 0.35 0.416667
36 0.35 0.375
36 0.35 0.541667
36 0.35 0.541667
36 0.35 0.458333
36 0.35 0.541667
36 0.35 0.458333
36 0.35 0.458333
36 0.35 0.458333
36 0.35 0.5
36 0.35 0.666667
36 0.35 0.625
36 0.35 0.5
36 0.35 0.458333
36 0.35 0.5
36 0.35 0.5
36 0.35 0.5
36 0.35 0.583333
36 0.35 0.541667
36 0.35 0.583333
36 0.35 0.458333
36 0.35 0.458333
36 0.35 0.5
36 0.35 0.541667
36 0.35 0.458333
36 0.35 0.458333
36 0.35 0.416667
36 0.35 0.541667
36 0.35 0.5
36 0.35 0.5
36 0.35 0.583333
36 0.35 0.458333
36 0.35 0.541667
36 0.35 0.5
36 0.35 0.583333
36 0.35 0.458333
36 0.35 0.5
36 0.35 0.416667
36 0.35 0.541667
36 0.35 0.541667
36 0.35 0.458333
36 0.35 0.458333
36 0.35 0.541667
36 0.35 0.5
36 0.35 0.416667
36 0.35 0.458333
36 0.35 0.458333
36 0.35 0.5
36 0.35 0.625
36 0.35 0.541667
36 0.35 0.541667
36 0.35 0.583333
36 0.35 0.5
36 0.35 0.541667
36 0.35 0.583333
36 0.35 0.5
36 0.35 0.5
36 0.35 0.5
44 0.35 0.333333
44 0.35 0.375
44 0.35 0.458333
44 0.35 0.416667
44 0.35 0.416667
44 0.35 0.541667
44 0.35 0.458333
44 0.35 0.458333
44 0.35 0.416667
44 0.35 0.416667
44 0.35 0.375
44 0.35 0.416667
44 0.35 0.625
44 0.35 0.416667
44 0.35 0.333333
44 0.35 0.5
44 0.35 0.541667
44 0.35 0.375
44 0.35 0.166667
44 0.35 0.375
44 0.35 0.375
44 0.35 0.458333
44 0.35 0.375
44 0.35 0.333333
44 0.35 0.416667
44 0.35 0.416667
44 0.35 0.375
44 0.35 0.416667
44 0.35 0.375
44 0.35 0.458333
44 0.35 0.416667
44 0.35 0.541667
44 0.35 0.333333
44 0.35 0.5
44 0.35 0.291667
44 0.35 0.5
44 0.35 0.333333
44 0.35 0.5
44 0.35 0.5
44 0.35 0.458333
44 0.35 0.375
44 0.35 0.5
44 0.35 0.25
44 0.35 0.5
44 0.35 0.5
44 0.35 0.375
44 0.35 0.375
44 0.35 0.416667
44 0.35 0.416667
44 0.35 0.458333
44 0.35 0.416667
44 0.35 0.458333
44 0.35 0.375
44 0.35 0.541667
44 0.35 0.375
44 0.35 0.375
44 0.35 0.583333
44 0.35 0.458333
44 0.35 0.5
44 0.35 0.458333
44 0.35 0.291667
44 0.35 0.333333
44 0.35 0.5
44 0.35 0.375
44 0.35 0.458333
44 0.35 0.25
44 0.35 0.458333
44 0.35 0.541667
44 0.35 0.5
44 0.35 0.5
44 0.35 0.5
44 0.35 0.5
44 0.35 0.458333
44 0.35 0.416667
44 0.35 0.458333
44 0.35 0.458333
44 0.35 0.5
44 0.35 0.458333
44 0.35 0.416667
44 0.35 0.416667
44 0.35 0.416667
44 0.35 0.458333
44 0.35 0.458333
44 0.35 0.416667
44 0.35 0.458333
44 0.35 0.541667
44 0.35 0.5
44 0.35 0.416667
44 0.35 0.416667
44 0.35 0.5
44 0.35 0.375
44 0.35 0.375
44 0.35 0.5
44 0.35 0.416667
44 0.35 0.541667
44 0.35 0.416667
44 0.35 0.458333
44 0.35 0.416667
44 0.35 0.5
44 0.35 0.541667
44 0.35 0.416667
44 0.35 0.375
44 0.35 0.416667
44 0.35 0.375
44 0.35 0.458333
44 0.35 0.458333
44 0.35 0.375
44 0.35 0.5
44 0.35 0.5
44 0.35 0.541667
44 0.35 0.333333
44 0.35 0.5
44 0.35 0.458333
44 0.35 0.416667
44 0.35 0.5
44 0.35 0.5
44 0.35 0.416667
44 0.35 0.333333
44 0.35 0.375
44 0.35 0.458333
44 0.35 0.458333
44 0.35 0.5
44 0.35 0.458333
44 0.35 0.458333
44 0.35 0.541667
44 0.35 0.5
44 0.35 0.333333
44 0.35 0.333333
44 0.35 0.458333
44 0.35 0.458333
44 0.35 0.458333
44 0.35 0.458333
44 0.35 0.5
44 0.35 0.541667
44 0.35 0.291667
44 0.35 0.458333
44 0.35 0.541667
44 0.35 0.416667
44 0.35 0.416667
44 0.35 0.333333
44 0.35 0.375
44 0.35 0.541667
44 0.35 0.5
44 0.35 0.416667
44 0.35 0.416667
44 0.35 0.416667
44 0.35 0.5
44 0.35 0.541667
44 0.35 0.416667
44 0.35 0.583333
44 0.35 0.541667
44 0.35 0.5
44 0.35 0.583333
44 0.35 0.416667
44 0.35 0.416667
44 0.35 0.458333
44 0.35 0.416667
44 0.35 0.5
44 0.35 0.333333
44 0.35 0.416667
44 0.35 0.5
44 0.35 0.375
44 0.35 0.416667
44 0.35 0.375
44 0.35 0.416667
44 0.35 0.333333
44 0.35 0.458333
44 0.35 0.333333
44 0.35 0.5
44 0.35 0.5
44 0.35 0.416667
44 0.35 0.375
44 0.35 0.458333
44 0.35 0.416667
44 0.35 0.5
44 0.35 0.458333
44 0.35 0.458333
44 0.35 0.541667
44 0.35 0.625
44 0.35 0.416667
44 0.35 0.375
44 0.35 0.5
44 0.35 0.375
44 0.35 0.5
44 0.35 0.375
44 0.35 0.5
44 0.35 0.5
44 0.35 0.416667
44 0.35 0.5
44 0.35 0.416667
44 0.35 0.333333
44 0.35 0.541667
44 0.35 0.458333
44 0.35 0.375
44 0.35 0.5
44 0.35 0.458333
44 0.35 0.541667
44 0.35 0.541667
44 0.35 0.583333
44 0.35 0.458333
44 0.35 0.5
44 0.35 0.458333
44 0.35 0.416667
44 0.35 0.5
44 0.35 0.458333
44 0.35 0.375
44 0.35 0.5
44 0.35 0.416667
44 0.35 0.375
44 0.35 0.375
44 0.35 0.458333
44 0.35 0.416667
44 0.35 0.5
44 0.35 0.5
44 0.35 0.5
44 0.35 0.541667
44 0.35 0.416667
44 0.35 0.416667
44 0.35 0.5
44 0.35 0.416667
44 0.35 0.5
44 0.35 0.458333
44 0.35 0.541667
44 0.35 0.541667
44 0.35 0.416667
44 0.35 0.5
44 0.35 0.5
44 0.35 0.5
44 0.35 0.416667
44 0.35 0.416667
44 0.35 0.5
44 0.35 0.458333
44 0.35 0.416667
44 0.35 0.5
44 0.35 0.458333
44 0.35 0.5
44 0.35 0.458333
44 0.35 0.416667
44 0.35 0.708333
44 0.35 0.541667
44 0.35 0.375
44 0.35 0.458333
44 0.35 0.5
44 0.35 0.583333
44 0.35 0.583333
44 0.35 0.541667
44 0.35 0.416667
44 0.35 0.5
44 0.35 0.583333
44 0.35 0.583333
44 0.35 0.541667
44 0.35 0.416667
44 0.35 0.583333
44 0.35 0.5
44 0.35 0.458333
44 0.35 0.375
44 0.35 0.5
44 0.35 0.375
44 0.35 0.541667
44 0.35 0.583333
44 0.35 0.416667
44 0.35 0.5
44 0.35 0.416667
44 0.35 0.541667
44 0.35 0.5
44 0.35 0.458333
44 0.35 0.458333
44 0.35 0.375
44 0.35 0.541667
44 0.35 0.458333
44 0.35 0.458333
44 0.35 0.541667
44 0.35 0.541667
44 0.35 0.541667
44 0.35 0.583333
44 0.35 0.375
44 0.35 0.458333
44 0.35 0.458333
44 0.35 0.541667
44 0.35 0.5
44 0.35 0.458333
44 0.35 0.541667
44 0.35 0.5
44 0.35 0.375
44 0.35 0.416667
44 0.35 0.583333
44 0.35 0.333333
44 0.35 0.5
44 0.35 0.5
44 0.35 0.583333
44 0.35 0.375
44 0.35 0.458333
44 0.35 0.541667
44 0.35 0.416667
44 0.35 0.416667
44 0.35 0.458333
44 0.35 0.625
44 0.35 0.541667
44 0.35 0.541667
44 0.35 0.5
44 0.35 0.458333
44 0.35 0.541667
44 0.35 0.625
44 0.35 0.458333
44 0.35 0.541667
44 0.35 0.5
44 0.35 0.458333
44 0.35 0.458333
44 0.35 0.625
44 0.35 0.5
44 0.35 0.458333
44 0.35 0.458333
44 0.35 0.5
44 0.35 0.458333
44 0.35 0.458333
44 0.35 0.416667
44 0.35 0.5
44 0.35 0.583333
44 0.35 0.416667
44 0.35 0.625
44 0.35 0.583333
44 0.35 0.458333
44 0.35 0.541667
44 0.35 0.5
44 0.35 0.458333
44 0.35 0.5
44 0.35 0.583333
44 0.35 0.375
44 0.35 0.625
44 0.35 0.541667
44 0.35 0.5
44 0.35 0.5
44 0.35 0.375
44 0.35 0.541667
44 0.35 0.625
44 0.35 0.541667
44 0.35 0.541667
44 0.35 0.5
44 0.35 0.5
44 0.35 0.541667
44 0.35 0.416667
44 0.35 0.583333
44 0.35 0.458333
44 0.35 0.541667
44 0.35 0.458333
44 0.35 0.416667
44 0.35 0.541667
44 0.35 0.5
44 0.35 0.5
44 0.35 0.541667
44 0.35 0.541667
44 0.35 0.541667
44 0.35 0.416667
44 0.35 0.625
44 0.35 0.5
44 0.35 0.541667
44 0.35 0.5
44 0.35 0.541667
44 0.35 0.416667
44 0.35 0.5
52 0.35 0.291667
52 0.35 0.375
52 0.35 0.458333
52 0.35 0.458333
52 0.35 0.541667
52 0.35 0.375
52 0.35 0.5
52 0.35 0.5
52 0.35 0.541667
52 0.35 0.375
52 0.35 0.333333
52 0.35 0.416667
52 0.35 0.416667
52 0.35 0.375
52 0.35 0.583333
52 0.35 0.375
52 0.35 0.458333
52 0.35 0.416667
52 0.35 0.416667
52 0.35 0.458333
52 0.35 0.333333
52 0.35 0.416667
52 0.35 0.458333
52 0.35 0.541667
52 0.35 0.541667
52 0.35 0.416667
52 0.35 0.375
52 0.35 0.375
52 0.35 0.458333
52 0.35 0.375
52 0.35 0.541667
52 0.35 0.458333
52 0.35 0.5
52 0.35 0.5
52 0.35 0.416667
52 0.35 0.416667
52 0.35 0.458333
52 0.35 0.5
52 0.35 0.416667
52 0.35 0.458333
52 0.35 0.416667
52 0.35 0.5
52 0.35 0.416667
52 0.35 0.5
52 0.35 0.583333
52 0.35 0.5
52 0.35 0.416667
52 0.35 0.416667
52 0.35 0.291667
52 0.35 0.416667
52 0.35 0.416667
52 0.35 0.291667
52 0.35 0.375
52 0.35 0.541667
52 0.35 0.375
52 0.35 0.416667
52 0.35 0.5
52 0.35 0.333333
52 0.35 0.541667
52 0.35 0.416667
52 0.35 0.375
52 0.35 0.375
52 0.35 0.375
52 0.35 0.541667
52 0.35 0.416667
52 0.35 0.416667
52 0.35 0.5
52 0.35 0.416667
52 0.35 0.5
52 0.35 0.416667
52 0.35 0.5
52 0.35 0.458333
52 0.35 0.375
52 0.35 0.291667
52 0.35 0.458333
52 0.35 0.416667
52 0.35 0.458333
52 0.35 0.375
52 0.35 0.458333
52 0.35 0.291667
52 0.35 0.583333
52 0.35 0.416667
52 0.35 0.583333
52 0.35 0.375
52 0.35 0.583333
52 0.35 0.416667
52 0.35 0.5
52 0.35 0.416667
52 0.35 0.375
52 0.35 0.375
52 0.35 0.5
52 0.35 0.5
52 0.35 0.416667
52 0.35 0.458333
52 0.35 0.375
52 0.35 0.5
52 0.35 0.333333
52 0.35 0.5
52 0.35 0.541667
52 0.35 0.5
52 0.35 0.375
52 0.35 0.416667
52 0.35 0.375
52 0.35 0.416667
52 0.35 0.583333
52 0.35 0.5
52 0.35 0.583333
52 0.35 0.458333
52 0.35 0.458333
52 0.35 0.625
52 0.35 0.416667
52 0.35 0.416667
52 0.35 0.5
52 0.35 0.416667
52 0.35 0.583333
52 0.35 0.375
52 0.35 0.5
52 0.35 0.5
52 0.35 0.375
52 0.35 0.541667
52 0.35 0.333333
52 0.35 0.416667
52 0.35 0.416667
52 0.35 0.5
52 0.35 0.375
52 0.35 0.5
52 0.35 0.416667
52 0.35 0.416667
52 0.35 0.458333
52 0.35 0.416667
52 0.35 0.458333
52 0.35 0.375
52 0.35 0.5
52 0.35 0.458333
52 0.35 0.333333
52 0.35 0.541667
52 0.35 0.458333
52 0.35 0.458333
52 0.35 0.375
52 0.35 0.333333
52 0.35 0.416667
52 0.35 0.333333
52 0.35 0.416667
52 0.35 0.5
52 0.35 0.416667
52 0.35 0.5
52 0.35 0.666667
52 0.35 0.416667
52 0.35 0.541667
52 0.35 0.458333
52 0.35 0.458333
52 0.35 0.416667
52 0.35 0.541667
52 0.35 0.416667
52 0.35 0.416667
52 0.35 0.416667
52 0.35 0.5
52 0.35 0.5
52 0.35 0.416667
52 0.35 0.416667
52 0.35 0.458333
52 0.35 0.458333
52 0.35 0.541667
52 0.35 0.333333
52 0.35 0.458333
52 0.35 0.458333
52 0.35 0.583333
52 0.35 0.583333
52 0.35 0.5
52 0.35 0.375
52 0.35 0.416667
52 0.35 0.458333
52 0.35 0.375
52 0.35 0.458333
52 0.35 0.5
52 0.35 0.5
52 0.35 0.416667
52 0.35 0.5
52 0.35 0.458333
52 0.35 0.416667
52 0.35 0.5
52 0.35 0.416667
52 0.35 0.583333
52 0.35 0.375
52 0.35 0.458333
52 0.35 0.333333
52 0.35 0.5
52 0.35 0.5
52 0.35 0.583333
52 0.35 0.458333
52 0.35 0.458333
52 0.35 0.541667
52 0.35 0.541667
52 0.35 0.541667
52 0.35 0.583333
52 0.35 0.625
52 0.35 0.541667
52 0.35 0.375
52 0.35 0.416667
52 0.35 0.5
52 0.35 0.458333
52 0.35 0.458333
52 0.35 0.5
52 0.35 0.416667
52 0.35 0.416667
52 0.35 0.708333
52 0.35 0.416667
52 0.35 0.458333
52 0.35 0.458333
52 0.35 0.458333
52 0.35 0.375
52 0.35 0.416667
52 0.35 0.541667
52 0.35 0.458333
52 0.35 0.375
52 0.35 0.375
52 0.35 0.5
52 0.35 0.5
52 0.35 0.5
52 0.35 0.5
52 0.35 0.5
52 0.35 0.416667
52 0.35 0.458333
52 0.35 0.541667
52 0.35 0.5
52 0.35 0.375
52 0.35 0.5
52 0.35 0.416667
52 0.35 0.25
52 0.35 0.458333
52 0.35 0.458333
52 0.35 0.5
52 0.35 0.583333
52 0.35 0.458333
52 0.35 0.416667
52 0.35 0.5
52 0.35 0.5
52 0.35 0.458333
52 0.35 0.5
52 0.35 0.583333
52 0.35 0.5
52 0.35 0.5
52 0.35 0.375
52 0.35 0.5
52 0.35 0.333333
52 0.35 0.375
52 0.35 0.291667
52 0.35 0.416667
52 0.35 0.541667
52 0.35 0.375
52 0.35 0.458333
52 0.35 0.416667
52 0.35 0.541667
52 0.35 0.458333
52 0.35 0.458333
52 0.35 0.541667
52 0.35 0.416667
52 0.35 0.541667
52 0.35 0.416667
52 0.35 0.416667
52 0.35 0.416667
52 0.35 0.375
52 0.35 0.375
52 0.35 0.458333
52 0.35 0.541667
52 0.35 0.375
52 0.35 0.333333
52 0.35 0.458333
52 0.35 0.5
52 0.35 0.583333
52 0.35 0.583333
52 0.35 0.458333
52 0.35 0.458333
52 0.35 0.458333
52 0.35 0.416667
52 0.35 0.625
52 0.35 0.583333
52 0.35 0.458333
52 0.35 0.458333
52 0.35 0.458333
52 0.35 0.5
52 0.35 0.375
52 0.35 0.416667
52 0.35 0.583333
52 0.35 0.458333
52 0.35 0.541667
52 0.35 0.333333
52 0.35 0.5
52 0.35 0.541667
52 0.35 0.5
52 0.35 0.5
52 0.35 0.375
52 0.35 0.5
52 0.35 0.583333
52 0.35 0.5
52 0.35 0.5
52 0.35 0.5
52 0.35 0.541667
52 0.35 0.541667
52 0.35 0.375
52 0.35 0.375
52 0.35 0.458333
52 0.35 0.541667
52 0.35 0.458333
52 0.35 0.541667
52 0.35 0.541667
52 0.35 0.5
52 0.35 0.5
52 0.35 0.375
52 0.35 0.583333
52 0.35 0.583333
52 0.35 0.375
52 0.35 0.416667
52 0.35 0.583333
52 0.35 0.416667
52 0.35 0.666667
52 0.35 0.541667
52 0.35 0.541667
52 0.35 0.458333
52 0.35 0.5
52 0.35 0.458333
52 0.35 0.416667
52 0.35 0.541667
52 0.35 0.458333
52 0.35 0.416667
52 0.35 0.416667
52 0.35 0.458333
52 0.35 0.583333
52 0.35 0.458333
52 0.35 0.416667
52 0.35 0.416667
52 0.35 0.458333
52 0.35 0.458333
52 0.35 0.458333
52 0.35 0.583333
52 0.35 0.458333
52 0.35 0.458333
52 0.35 0.541667
52 0.35 0.458333
52 0.35 0.375
52 0.35 0.625
52 0.35 0.5
52 0.35 0.541667
52 0.35 0.541667
52 0.35 0.5
52 0.35 0.5
52 0.35 0.583333
52 0.35 0.625
52 0.35 0.5
52 0.35 0.541667
52 0.35 0.458333
52 0.35 0.625
52 0.35 0.541667
52 0.35 0.375
52 0.35 0.458333
52 0.35 0.541667
52 0.35 0.375
52 0.35 0.541667
52 0.35 0.458333
52 0.35 0.458333
60 0.35 0.333333
60 0.35 0.375
60 0.35 0.416667
60 0.35 0.375
60 0.35 0.416667
60 0.35 0.291667
60 0.35 0.458333
60 0.35 0.333333
60 0.35 0.375
60 0.35 0.291667
60 0.35 0.458333
60 0.35 0.416667
60 0.35 0.458333
60 0.35 0.416667
60 0.35 0.458333
60 0.35 0.416667
60 0.35 0.375
60 0.35 0.375
60 0.35 0.458333
60 0.35 0.333333
60 0.35 0.458333
60 0.35 0.333333
60 0.35 0.25
60 0.35 0.416667
60 0.35 0.375
60 0.35 0.5
60 0.35 0.333333
60 0.35 0.458333
60 0.35 0.333333
60 0.35 0.458333
60 0.35 0.583333
60 0.35 0.416667
60 0.35 0.5
60 0.35 0.583333
60 0.35 0.375
60 0.35 0.416667
60 0.35 0.333333
60 0.35 0.625
60 0.35 0.375
60 0.35 0.5
60 0.35 0.291667
60 0.35 0.458333
60 0.35 0.458333
60 0.35 0.5
60 0.35 0.416667
60 0.35 0.375
60 0.35 0.458333
60 0.35 0.375
60 0.35 0.458333
60 0.35 0.416667
60 0.35 0.541667
60 0.35 0.5
60 0.35 0.416667
60 0.35 0.458333
60 0.35 0.416667
60 0.35 0.5
60 0.35 0.5
60 0.35 0.375
60 0.35 0.541667
60 0.35 0.416667
60 0.35 0.416667
60 0.35 0.416667
60 0.35 0.5
60 0.35 0.416667
60 0.35 0.291667
60 0.35 0.458333
60 0.35 0.375
60 0.35 0.333333
60 0.35 0.291667
60 0.35 0.5
60 0.35 0.416667
60 0.35 0.416667
60 0.35 0.416667
60 0.35 0.375
60 0.35 0.5
60 0.35 0.458333
60 0.35 0.416667
60 0.35 0.416667
60 0.35 0.375
60 0.35 0.333333
60 0.35 0.333333
60 0.35 0.375
60 0.35 0.333333
60 0.35 0.333333
60 0.35 0.375
60 0.35 0.416667
60 0.35 0.458333
60 0.35 0.5
60 0.35 0.416667
60 0.35 0.458333
60 0.35 0.541667
60 0.35 0.333333
60 0.35 0.5
60 0.35 0.375
60 0.35 0.291667
60 0.35 0.416667
60 0.35 0.458333
60 0.35 0.541667
60 0.35 0.375
60 0.35 0.583333
60 0.35 0.5
60 0.35 0.416667
60 0.35 0.458333
60 0.35 0.583333
60 0.35 0.541667
60 0.35 0.416667
60 0.35 0.458333
60 0.35 0.5
60 0.35 0.333333
60 0.35 0.458333
60 0.35 0.375
60 0.35 0.416667
60 0.35 0.458333
60 0.35 0.416667
60 0.35 0.458333
60 0.35 0.541667
60 0.35 0.458333
60 0.35 0.5
60 0.35 0.541667
60 0.35 0.375
60 0.35 0.5
60 0.35 0.375
60 0.35 0.333333
60 0.35 0.458333
60 0.35 0.416667
60 0.35 0.333333
60 0.35 0.416667
60 0.35 0.375
60 0.35 0.541667
60 0.35 0.375
60 0.35 0.458333
60 0.35 0.458333
60 0.35 0.416667
60 0.35 0.458333
60 0.35 0.375
60 0.35 0.458333
60 0.35 0.375
60 0.35 0.458333
60 0.35 0.416667
60 0.35 0.333333
60 0.35 0.416667
60 0.35 0.458333
60 0.35 0.5
60 0.35 0.5
60 0.35 0.5
60 0.35 0.458333
60 0.35 0.333333
60 0.35 0.25
60 0.35 0.541667
60 0.35 0.416667
60 0.35 0.541667
60 0.35 0.5
60 0.35 0.5
60 0.35 0.458333
60 0.35 0.583333
60 0.35 0.541667
60 0.35 0.458333
60 0.35 0.333333
60 0.35 0.375
60 0.35 0.5
60 0.35 0.375
60 0.35 0.5
60 0.35 0.5
60 0.35 0.333333
60 0.35 0.5
60 0.35 0.416667
60 0.35 0.458333
60 0.35 0.416667
60 0.35 0.5
60 0.35 0.375
60 0.35 0.375
60 0.35 0.458333
60 0.35 0.416667
60 0.35 0.541667
60 0.35 0.458333
60 0.35 0.5
60 0.35 0.375
60 0.35 0.458333
60 0.35 0.458333
60 0.35 0.458333
60 0.35 0.375
60 0.35 0.5
60 0.35 0.416667
60 0.35 0.541667
60 0.35 0.333333
60 0.35 0.416667
60 0.35 0.375
60 0.35 0.458333
60 0.35 0.541667
60 0.35 0.541667
60 0.35 0.5
60 0.35 0.458333
60 0.35 0.416667
60 0.35 0.583333
60 0.35 0.458333
60 0.35 0.458333
60 0.35 0.625
60 0.35 0.416667
60 0.35 0.416667
60 0.35 0.5
60 0.35 0.583333
60 0.35 0.458333
60 0.35 0.375
60 0.35 0.416667
60 0.35 0.5
60 0.35 0.375
60 0.35 0.458333
60 0.35 0.5
60 0.35 0.416667
60 0.35 0.458333
60 0.35 0.458333
60 0.35 0.5
60 0.35 0.416667
60 0.35 0.458333
60 0.35 0.5
60 0.35 0.5
60 0.35 0.458333
60 0.35 0.541667
60 0.35 0.416667
60 0.35 0.416667
60 0.35 0.333333
60 0.35 0.541667
60 0.35 0.541667
60 0.35 0.5
60 0.35 0.416667
60 0.35 0.458333
60 0.35 0.416667
60 0.35 0.541667
60 0.35 0.458333
60 0.35 0.375
60 0.35 0.375
60 0.35 0.416667
60 0.35 0.541667
60 0.35 0.333333
60 0.35 0.5
60 0.35 0.541667
60 0.35 0.5
60 0.35 0.458333
60 0.35 0.5
60 0.35 0.291667
60 0.35 0.416667
60 0.35 0.458333
60 0.35 0.416667
60 0.35 0.541667
60 0.35 0.416667
60 0.35 0.416667
60 0.35 0.416667
60 0.35 0.5
60 0.35 0.416667
60 0.35 0.5
60 0.35 0.458333
60 0.35 0.583333
60 0.35 0.416667
60 0.35 0.5
60 0.35 0.5
60 0.35 0.416667
60 0.35 0.333333
60 0.35 0.416667
60 0.35 0.541667
60 0.35 0.541667
60 0.35 0.416667
60 0.35 0.416667
60 0.35 0.458333
60 0.35 0.583333
60 0.35 0.5
60 0.35 0.583333
60 0.35 0.458333
60 0.35 0.458333
60 0.35 0.541667
60 0.35 0.416667
60 0.35 0.458333
60 0.35 0.5
60 0.35 0.458333
60 0.35 0.541667
60 0.35 0.291667
60 0.35 0.541667
60 0.35 0.5
60 0.35 0.5
60 0.35 0.5
60 0.35 0.416667
60 0.35 0.541667
60 0.35 0.375
60 0.35 0.5
60 0.35 0.458333
60 0.35 0.583333
60 0.35 0.416667
60 0.35 0.583333
60 0.35 0.416667
60 0.35 0.458333
60 0.35 0.541667
60 0.35 0.5
60 0.35 0.5
60 0.35 0.5
60 0.35 0.5
60 0.35 0.5
60 0.35 0.5
60 0.35 0.458333
60 0.35 0.416667
60 0.35 0.458333
60 0.35 0.458333
60 0.35 0.5
60 0.35 0.541667
60 0.35 0.541667
60 0.35 0.458333
60 0.35 0.375
60 0.35 0.5
60 0.35 0.416667
60 0.35 0.541667
60 0.35 0.416667
60 0.35 0.458333
60 0.35 0.458333
60 0.35 0.5
60 0.35 0.375
60 0.35 0.541667
60 0.35 0.333333
60 0.35 0.416667
60 0.35 0.458333
60 0.35 0.5
60 0.35 0.541667
60 0.35 0.458333
60 0.35 0.416667
60 0.35 0.458333
60 0.35 0.5
60 0.35 0.416667
60 0.35 0.5
60 0.35 0.541667
60 0.35 0.458333
60 0.35 0.583333
60 0.35 0.458333
60 0.35 0.458333
60 0.35 0.416667
60 0.35 0.458333
60 0.35 0.5
60 0.35 0.5
60 0.35 0.5
60 0.35 0.458333
60 0.35 0.458333
60 0.35 0.541667
60 0.35 0.458333
60 0.35 0.416667
60 0.35 0.541667
60 0.35 0.625
60 0.35 0.416667
60 0.35 0.541667
60 0.35 0.458333
60 0.35 0.541667
60 0.35 0.458333
60 0.35 0.583333
60 0.35 0.583333
60 0.35 0.333333
60 0.35 0.5
60 0.35 0.375
60 0.35 0.5
60 0.35 0.625
60 0.35 0.583333
60 0.35 0.541667
60 0.35 0.5
60 0.35 0.458333
60 0.35 0.541667
60 0.35 0.583333
6 0.35 0.958333
6 0.35 0.958333
6 0.35 0.958333
6 0.35 0.916667
6 0.35 1
6 0.35 1
6 0.35 1
6 0.35 0.958333
6 0.35 0.958333
6 0.35 1
6 0.35 0.916667
6 0.35 1
6 0.35 0.875
6 0.35 1
6 0.35 1
6 0.35 1
6 0.35 1
6 0.35 0.916667
6 0.35 1
6 0.35 0.958333
6 0.35 0.958333
6 0.35 1
6 0.35 0.958333
6 0.35 0.958333
6 0.35 1
6 0.35 1
6 0.35 1
6 0.35 0.958333
6 0.35 0.958333
6 0.35 1
6 0.35 1
6 0.35 1
6 0.35 0.958333
6 0.35 1
6 0.35 0.833333
6 0.35 1
6 0.35 0.958333
6 0.35 1
6 0.35 0.916667
6 0.35 0.958333
6 0.35 1
6 0.35 1
6 0.35 1
6 0.35 0.916667
6 0.35 1
6 0.35 0.958333
6 0.35 0.958333
6 0.35 0.958333
6 0.35 0.958333
6 0.35 0.958333
6 0.35 0.875
6 0.35 0.916667
6 0.35 0.916667
6 0.35 1
6 0.35 1
6 0.35 0.916667
6 0.35 0.916667
6 0.35 0.958333
6 0.35 0.833333
6 0.35 0.916667
6 0.35 0.958333
6 0.35 1
6 0.35 1
6 0.35 0.958333
6 0.35 1
6 0.35 1
6 0.35 1
6 0.35 0.958333
6 0.35 0.916667
6 0.35 0.958333
6 0.35 1
6 0.35 0.958333
6 0.35 1
6 0.35 1
6 0.35 0.958333
6 0.35 0.875
6 0.35 0.916667
6 0.35 0.958333
6 0.35 0.916667
6 0.35 1
6 0.35 0.958333
6 0.35 1
6 0.35 0.958333
6 0.35 1
6 0.35 0.916667
6 0.35 0.958333
6 0.35 0.958333
6 0.35 1
6 0.35 1
6 0.35 1
6 0.35 0.916667
6 0.35 0.916667
6 0.35 1
6 0.35 1
6 0.35 0.916667
6 0.35 0.958333
6 0.35 0.916667
6 0.35 0.958333
6 0.35 0.958333
6 0.35 1
6 0.35 0.958333
6 0.35 1
6 0.35 0.958333
6 0.35 0.916667
6 0.35 0.958333
6 0.35 0.958333
6 0.35 0.958333
6 0.35 1
6 0.35 0.958333
6 0.35 1
6 0.35 1
6 0.35 1
6 0.35 0.958333
6 0.35 0.958333
6 0.35 0.916667
6 0.35 0.958333
6 0.35 1
6 0.35 0.916667
6 0.35 1
6 0.35 1
6 0.35 1
6 0.35 0.958333
6 0.35 1
6 0.35 0.958333
6 0.35 1
6 0.35 0.958333
6 0.35 0.958333
6 0.35 0.958333
6 0.35 1
6 0.35 0.958333
6 0.35 0.958333
6 0.35 0.916667
6 0.35 0.958333
6 0.35 1
6 0.35 0.958333
6 0.35 0.958333
6 0.35 1
6 0.35 0.958333
6 0.35 0.916667
6 0.35 1
6 0.35 1
6 0.35 0.958333
6 0.35 0.875
6 0.35 0.958333
6 0.35 0.916667
6 0.35 0.875
6 0.35 0.916667
6 0.35 0.958333
6 0.35 0.958333
6 0.35 1
6 0.35 1
6 0.35 1
6 0.35 0.916667
6 0.35 1
6 0.35 0.916667
6 0.35 0.958333
6 0.35 0.958333
6 0.35 0.958333
6 0.35 0.958333
6 0.35 0.958333
6 0.35 0.958333
6 0.35 0.958333
6 0.35 0.958333
6 0.35 0.916667
6 0.35 0.916667
6 0.35 0.958333
6 0.35 0.958333
6 0.35 1
6 0.35 1
6 0.35 0.916667
6 0.35 0.916667
6 0.35 0.958333
6 0.35 0.958333
6 0.35 0.916667
6 0.35 0.958333
6 0.35 0.916667
6 0.35 0.916667
6 0.35 0.958333
6 0.35 1
6 0.35 0.958333
6 0.35 0.958333
6 0.35 0.958333
6 0.35 1
6 0.35 0.958333
6 0.35 1
6 0.35 1
6 0.35 0.958333
6 0.35 0.916667
6 0.35 1
6 0.35 0.958333
6 0.35 0.958333
6 0.35 0.958333
6 0.35 0.958333
6 0.35 0.916667
6 0.35 1
6 0.35 0.958333
6 0.35 0.958333
6 0.35 0.958333
6 0.35 1
6 0.35 1
6 0.35 0.958333
6 0.35 1
6 0.35 1
6 0.35 0.958333
6 0.35 0.833333
6 0.35 0.958333
6 0.35 1
6 0.35 0.958333
6 0.35 0.875
6 0.35 0.958333
6 0.35 1
6 0.35 0.958333
6 0.35 1
6 0.35 1
6 0.35 0.958333
6 0.35 0.916667
6 0.35 1
6 0.35 0.875
6 0.35 1
6 0.35 0.958333
6 0.35 0.958333
6 0.35 1
6 0.35 0.958333
6 0.35 1
6 0.35 0.958333
6 0.35 1
6 0.35 1
6 0.35 0.958333
6 0.35 1
6 0.35 0.958333
6 0.35 1
6 0.35 1
6 0.35 0.958333
6 0.35 0.958333
6 0.35 0.958333
6 0.35 1
6 0.35 0.958333
6 0.35 0.875
6 0.35 0.916667
6 0.35 1
6 0.35 0.958333
6 0.35 1
6 0.35 1
6 0.35 0.916667
6 0.35 1
6 0.35 1
6 0.35 0.958333
6 0.35 1
6 0.35 1
6 0.35 0.916667
6 0.35 0.958333
6 0.35 0.875
6 0.35 0.875
6 0.35 1
6 0.35 0.958333
6 0.35 0.916667
6 0.35 0.958333
6 0.35 1
6 0.35 1
6 0.35 0.916667
6 0.35 1
6 0.35 0.958333
6 0.35 0.916667
6 0.35 0.958333
6 0.35 0.916667
6 0.35 0.958333
6 0.35 0.875
6 0.35 0.875
6 0.35 1
6 0.35 1
6 0.35 1
6 0.35 1
6 0.35 0.958333
6 0.35 0.958333
6 0.35 0.916667
6 0.35 0.958333
6 0.35 0.958333
6 0.35 0.958333
6 0.35 1
6 0.35 0.916667
6 0.35 1
6 0.35 0.958333
6 0.35 0.916667
6 0.35 1
6 0.35 1
6 0.35 0.958333
6 0.35 0.875
6 0.35 1
6 0.35 1
6 0.35 1
6 0.35 0.958333
6 0.35 1
6 0.35 0.958333
6 0.35 1
6 0.35 0.958333
6 0.35 0.958333
6 0.35 0.916667
6 0.35 0.958333
6 0.35 0.958333
6 0.35 0.916667
6 0.35 1
6 0.35 1
6 0.35 1
6 0.35 1
6 0.35 0.958333
6 0.35 0.916667
6 0.35 0.958333
6 0.35 1
6 0.35 1
6 0.35 1
6 0.35 0.958333
6 0.35 1
6 0.35 0.958333
6 0.35 1
6 0.35 1
6 0.35 1
6 0.35 0.958333
6 0.35 0.958333
6 0.35 1
6 0.35 0.916667
6 0.35 0.875
6 0.35 1
6 0.35 0.916667
6 0.35 0.958333
6 0.35 1
6 0.35 0.958333
6 0.35 0.958333
6 0.35 0.958333
6 0.35 0.958333
6 0.35 1
6 0.35 0.958333
6 0.35 0.958333
6 0.35 1
6 0.35 1
6 0.35 0.958333
6 0.35 0.958333
6 0.35 1
6 0.35 0.958333
6 0.35 1
6 0.35 0.958333
6 0.35 1
6 0.35 0.916667
6 0.35 1
6 0.35 0.958333
6 0.35 1
6 0.35 0.958333
6 0.35 0.958333
6 0.35 1
6 0.35 1
6 0.35 0.958333
6 0.35 0.958333
6 0.35 0.875
6 0.35 1
6 0.35 1
6 0.35 0.958333
6 0.35 0.916667
6 0.35 0.958333
6 0.35 0.958333
6 0.35 0.958333
6 0.35 0.958333
8 0.35 0.791667
8 0.35 0.791667
8 0.35 0.916667
8 0.35 0.833333
8 0.35 0.833333
8 0.35 0.791667
8 0.35 0.791667
8 0.35 0.875
8 0.35 0.916667
8 0.35 0.875
8 0.35 0.833333
8 0.35 0.833333
8 0.35 1
8 0.35 0.875
8 0.35 0.875
8 0.35 0.875
8 0.35 0.916667
8 0.35 0.875
8 0.35 0.875
8 0.35 0.875
8 0.35 0.791667
8 0.35 0.958333
8 0.35 0.791667
8 0.35 0.916667
8 0.35 0.875
8 0.35 0.875
8 0.35 0.916667
8 0.35 0.875
8 0.35 0.833333
8 0.35 0.875
8 0.35 0.875
8 0.35 0.833333
8 0.35 0.875
8 0.35 0.916667
8 0.35 0.875
8 0.35 0.875
8 0.35 0.875
8 0.35 0.958333
8 0.35 0.875
8 0.35 0.958333
8 0.35 0.833333
8 0.35 0.958333
8 0.35 0.833333
8 0.35 0.833333
8 0.35 0.875
8 0.35 0.916667
8 0.35 0.875
8 0.35 0.875
8 0.35 0.916667
8 0.35 0.916667
8 0.35 0.791667
8 0.35 0.833333
8 0.35 0.833333
8 0.35 0.875
8 0.35 0.875
8 0.35 0.875
8 0.35 0.916667
8 0.35 0.875
8 0.35 0.875
8 0.35 0.875
8 0.35 0.916667
8 0.35 0.958333
8 0.35 0.791667
8 0.35 0.916667
8 0.35 0.916667
8 0.35 0.875
8 0.35 0.958333
8 0.35 0.916667
8 0.35 0.875
8 0.35 0.916667
8 0.35 0.875
8 0.35 0.875
8 0.35 0.875
8 0.35 0.875
8 0.35 0.916667
8 0.35 0.958333
8 0.35 0.708333
8 0.35 0.916667
8 0.35 0.916667
8 0.35 0.791667
8 0.35 0.875
8 0.35 0.791667
8 0.35 0.791667
8 0.35 0.875
8 0.35 0.875
8 0.35 0.791667
8 0.35 1
8 0.35 0.791667
8 0.35 0.875
8 0.35 0.875
8 0.35 0.75
8 0.35 0.791667
8 0.35 0.958333
8 0.35 0.875
8 0.35 0.875
8 0.35 0.916667
8 0.35 0.875
8 0.35 0.916667
8 0.35 0.791667
8 0.35 0.791667
8 0.35 0.875
8 0.35 0.833333
8 0.35 0.916667
8 0.35 0.958333
8 0.35 0.916667
8 0.35 0.916667
8 0.35 0.875
8 0.35 0.833333
8 0.35 0.958333
8 0.35 0.958333
8 0.35 0.875
8 0.35 0.833333
8 0.35 0.833333
8 0.35 0.916667
8 0.35 0.958333
8 0.35 0.875
8 0.35 0.916667
8 0.35 0.916667
8 0.35 0.916667
8 0.35 0.875
8 0.35 0.875
8 0.35 0.833333
8 0.35 0.833333
8 0.35 1
8 0.35 1
8 0.35 0.875
8 0.35 0.875
8 0.35 0.916667
8 0.35 0.875
8 0.35 0.833333
8 0.35 0.958333
8 0.35 0.791667
8 0.35 0.875
8 0.35 0.916667
8 0.35 0.875
8 0.35 0.916667
8 0.35 0.958333
8 0.35 0.916667
8 0.35 0.833333
8 0.35 0.916667
8 0.35 0.833333
8 0.35 0.875
8 0.35 0.916667
8 0.35 1
8 0.35 0.916667
8 0.35 0.875
8 0.35 0.875
8 0.35 0.791667
8 0.35 0.833333
8 0.35 0.791667
8 0.35 0.916667
8 0.35 0.875
8 0.35 0.875
8 0.35 0.958333
8 0.35 0.958333
8 0.35 1
8 0.35 1
8 0.35 0.958333
8 0.35 0.75
8 0.35 0.958333
8 0.35 0.916667
8 0.35 0.958333
8 0.35 0.875
8 0.35 0.875
8 0.35 0.875
8 0.35 0.916667
8 0.35 0.916667
8 0.35 0.791667
8 0.35 0.875
8 0.35 0.875
8 0.35 0.916667
8 0.35 0.833333
8 0.35 0.916667
8 0.35 0.833333
8 0.35 1
8 0.35 0.875
8 0.35 0.916667
8 0.35 0.875
8 0.35 0.875
8 0.35 0.875
8 0.35 0.791667
8 0.35 0.916667
8 0.35 0.875
8 0.35 0.875
8 0.35 0.833333
8 0.35 0.958333
8 0.35 0.916667
8 0.35 0.916667
8 0.35 0.833333
8 0.35 0.833333
8 0.35 0.833333
8 0.35 0.875
8 0.35 0.916667
8 0.35 0.833333
8 0.35 0.833333
8 0.35 0.833333
8 0.35 1
8 0.35 0.958333
8 0.35 0.875
8 0.35 0.916667
8 0.35 0.916667
8 0.35 0.875
8 0.35 0.791667
8 0.35 0.916667
8 0.35 0.916667
8 0.35 0.833333
8 0.35 0.916667
8 0.35 0.875
8 0.35 0.875
8 0.35 0.958333
8 0.35 0.791667
8 0.35 0.875
8 0.35 0.916667
8 0.35 0.916667
8 0.35 0.958333
8 0.35 0.958333
8 0.35 0.875
8 0.35 0.958333
8 0.35 0.791667
8 0.35 0.916667
8 0.35 0.916667
8 0.35 0.916667
8 0.35 0.916667
8 0.35 0.958333
8 0.35 0.875
8 0.35 0.958333
8 0.35 0.875
8 0.35 0.958333
8 0.35 0.75
8 0.35 0.791667
8 0.35 0.916667
8 0.35 0.958333
8 0.35 0.75
8 0.35 0.916667
8 0.35 0.791667
8 0.35 0.875
8 0.35 0.791667
8 0.35 0.916667
8 0.35 0.916667
8 0.35 0.958333
8 0.35 0.791667
8 0.35 0.791667
8 0.35 0.875
8 0.35 0.916667
8 0.35 0.875
8 0.35 0.958333
8 0.35 0.875
8 0.35 0.916667
8 0.35 0.875
8 0.35 0.875
8 0.35 0.916667
8 0.35 0.958333
8 0.35 0.833333
8 0.35 0.958333
8 0.35 0.75
8 0.35 0.916667
8 0.35 0.916667
8 0.35 0.958333
8 0.35 0.916667
8 0.35 0.916667
8 0.35 0.875
8 0.35 0.833333
8 0.35 1
8 0.35 0.916667
8 0.35 0.916667
8 0.35 0.916667
8 0.35 0.833333
8 0.35 0.958333
8 0.35 0.875
8 0.35 0.875
8 0.35 0.916667
8 0.35 0.958333
8 0.35 0.916667
8 0.35 0.833333
8 0.35 0.833333
8 0.35 0.916667
8 0.35 0.875
8 0.35 0.916667
8 0.35 0.791667
8 0.35 0.916667
8 0.35 0.875
8 0.35 0.833333
8 0.35 1
8 0.35 0.958333
8 0.35 0.958333
8 0.35 0.875
8 0.35 0.958333
8 0.35 0.875
8 0.35 0.875
8 0.35 0.875
8 0.35 1
8 0.35 0.958333
8 0.35 0.75
8 0.35 0.875
8 0.35 0.791667
8 0.35 0.958333
8 0.35 0.875
8 0.35 0.875
8 0.35 0.833333
8 0.35 0.916667
8 0.35 0.916667
8 0.35 1
8 0.35 0.833333
8 0.35 0.958333
8 0.35 0.916667
8 0.35 0.875
8 0.35 0.875
8 0.35 0.916667
8 0.35 0.791667
8 0.35 0.958333
8 0.35 0.916667
8 0.35 0.958333
8 0.35 0.958333
8 0.35 0.916667
8 0.35 0.916667
8 0.35 0.833333
8 0.35 0.833333
8 0.35 0.958333
8 0.35 0.833333
8 0.35 0.916667
8 0.35 0.916667
8 0.35 0.875
8 0.35 0.833333
8 0.35 0.916667
8 0.35 0.875
8 0.35 0.916667
8 0.35 0.833333
8 0.35 0.833333
8 0.35 0.916667
8 0.35 0.875
8 0.35 0.875
8 0.35 0.875
8 0.35 0.958333
8 0.35 0.916667
8 0.35 0.875
8 0.35 0.916667
8 0.35 0.75
8 0.35 0.916667
8 0.35 1
8 0.35 0.916667
8 0.35 0.875
8 0.35 0.958333
8 0.35 0.958333
8 0.35 0.875
8 0.35 0.916667
8 0.35 0.875
8 0.35 0.875
8 0.35 0.791667
8 0.35 0.833333
8 0.35 0.916667
8 0.35 0.958333
8 0.35 0.833333
8 0.35 0.833333
8 0.35 0.875
8 0.35 0.875
8 0.35 0.791667
8 0.35 0.833333
8 0.35 0.833333
8 0.35 0.916667
8 0.35 0.791667
