12 0.05 0
12 0.05 0
12 0.05 0
12 0.05 0
12 0.05 0
12 0.05 0
12 0.05 0
12 0.05 0
12 0.05 0
12 0.05 0
12 0.05 0
12 0.05 0
12 0.05 0
12 0.05 0
12 0.05 0
12 0.05 0
12 0.05 0
12 0.05 0
12 0.05 0
12 0.05 0
12 0.05 0
12 0.05 0
12 0.05 0
12 0.05 0
12 0.05 0
12 0.05 0
12 0.05 0
12 0.05 0
12 0.05 0
12 0.05 0
12 0.05 0
12 0.05 0
12 0.05 0
12 0.05 0
12 0.05 0.0125
12 0.05 0.0125
12 0.05 0.0125
12 0.05 0.0125
12 0.05 0.0125
12 0.05 0.0125
12 0.05 0
12 0.05 0
12 0.05 0
12 0.05 0
12 0.05 0
12 0.05 0
12 0.05 0
12 0.05 0
12 0.05 0
12 0.05 0
12 0.05 0
12 0.05 0
12 0.05 0
12 0.05 0
12 0.05 0
12 0.05 0
12 0.05 0
12 0.05 0
12 0.05 0
12 0.05 0
12 0.05 0
12 0.05 0
12 0.05 0
12 0.05 0
12 0.05 0
12 0.05 0
12 0.05 0
12 0.05 0
12 0.05 0
12 0.05 0
12 0.05 0
12 0.05 0
12 0.05 0
12 0.05 0
12 0.05 0
12 0.05 0
12 0.05 0
12 0.05 0
12 0.05 0
12 0.05 0
12 0.05 0
12 0.05 0
12 0.05 0
12 0.05 0
12 0.05 0
12 0.05 0
12 0.05 0
12 0.05 0
12 0.05 0
12 0.05 0
12 0.05 0
12 0.05 0
12 0.05 0
12 0.05 0
12 0.05 0
12 0.05 0
12 0.05 0
12 0.05 0
12 0.05 0
12 0.05 0
12 0.05 0
12 0.05 0
12 0.05 0
12 0.05 0
12 0.05 0
12 0.05 0
12 0.05 0
12 0.05 0
12 0.05 0
12 0.05 0
12 0.05 0
12 0.05 0
12 0.05 0
12 0.05 0
12 0.05 0
12 0.05 0
12 0.05 0
12 0.05 0
12 0.05 0
12 0.05 0
12 0.05 0
12 0.05 0
12 0.05 0
12 0.05 0
12 0.05 0
12 0.05 0
12 0.05 0
12 0.05 0
12 0.05 0
12 0.05 0
12 0.05 0
12 0.05 0
12 0.05 0
12 0.05 0
12 0.05 0
12 0.05 0
12 0.05 0
12 0.05 0
12 0.05 0
12 0.05 0
12 0.05 0
12 0.05 0
12 0.05 0
12 0.05 0
12 0.05 0
12 0.05 0
12 0.05 0
12 0.05 0
12 0.05 0
12 0.05 0
12 0.05 0
12 0.05 0
12 0.05 0
12 0.05 0
12 0.05 0
12 0.05 0
12 0.05 0
12 0.05 0
12 0.05 0
12 0.05 0
12 0.05 0
12 0.05 0
12 0.05 0
12 0.05 0
12 0.05 0
12 0.05 0
12 0.05 0
12 0.05 0
12 0.05 0
12 0.05 0
12 0.05 0
12 0.05 0
12 0.05 0
12 0.05 0
12 0.05 0
12 0.05 0
12 0.05 0
12 0.05 0
12 0.05 0
12 0.05 0
12 0.05 0
12 0.05 0
12 0.05 0
12 0.05 0
12 0.05 0
12 0.05 0
12 0.05 0
12 0.05 0
12 0.05 0
12 0.05 0
12 0.05 0
12 0.05 0
12 0.05 0
12 0.05 0
12 0.05 0
12 0.05 0
12 0.05 0
12 0.05 0
12 0.05 0
12 0.05 0
12 0.05 0
12 0.05 0
12 0.05 0
12 0.05 0
12 0.05 0
12 0.05 0
12 0.05 0
12 0.05 0
12 0.05 0
12 0.05 0
12 0.05 0
12 0.05 0
12 0.05 0
12 0.05 0
12 0.05 0.0125
12 0.05 0.0125
12 0.05 0.0125
12 0.05 0.0125
12 0.05 0.0125
12 0.05 0.0125
12 0.05 0.0125
12 0.05 0.0125
12 0.05 0.0125
12 0.05 0.0125
12 0.05 0.0125
12 0.05 0.0125
12 0.05 0.0125
12 0.05 0.0125
12 0.05 0.0125
12 0.05 0.0125
12 0.05 0.0125
12 0.05 0.0125
12 0.05 0.0125
12 0.05 0.0125
12 0.05 0.0125
12 0.05 0.0125
12 0.05 0.0125
12 0.05 0.0125
12 0.05 0.0125
12 0.05 0.0125
12 0.1 0
12 0.1 0
12 0.1 0
12 0.1 0
12 0.1 0
12 0.1 0
12 0.1 0
12 0.1 0
12 0.1 0
12 0.1 0
12 0.1 0
12 0.1 0.0125
12 0.1 0
12 0.1 0
12 0.1 0
12 0.1 0
12 0.1 0
12 0.1 0
12 0.1 0
12 0.1 0.0125
12 0.1 0
12 0.1 0
12 0.1 0
12 0.1 0
12 0.1 0
12 0.1 0
12 0.1 0
12 0.1 0
12 0.1 0
12 0.1 0
12 0.1 0
12 0.1 0.0125
12 0.1 0.0125
12 0.1 0.0125
12 0.1 0.0125
12 0.1 0.0125
12 0.1 0.0125
12 0.1 0.0125
12 0.1 0.025
12 0.1 0.0375
12 0.1 0
12 0.1 0
12 0.1 0
12 0.1 0
12 0.1 0
12 0.1 0
12 0.1 0.0125
12 0.1 0
12 0.1 0
12 0.1 0
12 0.1 0
12 0.1 0
12 0.1 0
12 0.1 0
12 0.1 0
12 0.1 0
12 0.1 0
12 0.1 0
12 0.1 0
12 0.1 0
12 0.1 0
12 0.1 0
12 0.1 0
12 0.1 0
12 0.1 0
12 0.1 0
12 0.1 0
12 0.1 0
12 0.1 0
12 0.1 0
12 0.1 0
12 0.1 0
12 0.1 0
12 0.1 0.0125
12 0.1 0.0125
12 0.1 0
12 0.1 0
12 0.1 0.0125
12 0.1 0.0125
12 0.1 0
12 0.1 0.0125
12 0.1 0.0125
12 0.1 0
12 0.1 0
12 0.1 0
12 0.1 0
12 0.1 0
12 0.1 0
12 0.1 0
12 0.1 0
12 0.1 0
12 0.1 0
12 0.1 0
12 0.1 0
12 0.1 0
12 0.1 0
12 0.1 0
12 0.1 0
12 0.1 0
12 0.1 0
12 0.1 0
12 0.1 0
12 0.1 0
12 0.1 0
12 0.1 0
12 0.1 0
12 0.1 0
12 0.1 0
12 0.1 0
12 0.1 0
12 0.1 0
12 0.1 0
12 0.1 0
12 0.1 0
12 0.1 0
12 0.1 0
12 0.1 0.0125
12 0.1 0
12 0.1 0
12 0.1 0
12 0.1 0
12 0.1 0
12 0.1 0
12 0.1 0
12 0.1 0
12 0.1 0
12 0.1 0
12 0.1 0
12 0.1 0
12 0.1 0
12 0.1 0
12 0.1 0
12 0.1 0
12 0.1 0
12 0.1 0
12 0.1 0
12 0.1 0
12 0.1 0
12 0.1 0
12 0.1 0
12 0.1 0
12 0.1 0
12 0.1 0
12 0.1 0
12 0.1 0
12 0.1 0.0125
12 0.1 0
12 0.1 0
12 0.1 0
12 0.1 0
12 0.1 0
12 0.1 0
12 0.1 0
12 0.1 0
12 0.1 0
12 0.1 0
12 0.1 0
12 0.1 0
12 0.1 0
12 0.1 0
12 0.1 0
12 0.1 0
12 0.1 0
12 0.1 0
12 0.1 0
12 0.1 0
12 0.1 0
12 0.1 0
12 0.1 0
12 0.1 0
12 0.1 0
12 0.1 0
12 0.1 0
12 0.1 0
12 0.1 0
12 0.1 0
12 0.1 0
12 0.1 0
12 0.1 0
12 0.1 0
12 0.1 0
12 0.1 0
12 0.1 0
12 0.1 0
12 0.1 0
12 0.1 0
12 0.1 0
12 0.1 0
12 0.1 0
12 0.1 0
12 0.1 0
12 0.1 0
12 0.1 0
12 0.1 0
12 0.1 0
12 0.1 0
12 0.1 0
12 0.1 0
12 0.1 0
12 0.1 0
12 0.1 0.0125
12 0.1 0.0125
12 0.1 0.0125
12 0.1 0.0125
12 0.1 0.0125
12 0.1 0.0125
12 0.1 0.0125
12 0.1 0.0125
12 0.1 0.0125
12 0.1 0.0125
12 0.1 0.025
12 0.1 0.0125
12 0.1 0.0125
12 0.1 0.0125
12 0.1 0.0125
12 0.1 0.0125
12 0.1 0.0125
12 0.1 0.0125
12 0.1 0.0125
12 0.1 0.0125
12 0.1 0.0125
12 0.1 0.025
12 0.1 0.0125
12 0.1 0.0125
12 0.1 0.0125
12 0.1 0.0125
12 0.1 0.025
12 0.1 0.0125
12 0.1 0.0125
12 0.1 0.0125
12 0.1 0.0125
12 0.1 0.0125
12 0.1 0.025
12 0.1 0.025
12 0.1 0.0125
12 0.1 0.0125
12 0.1 0.025
12 0.1 0.025
12 0.1 0.0125
12 0.1 0.025
12 0.15 0
12 0.15 0
12 0.15 0.075
12 0.15 0
12 0.15 0
12 0.15 0.0125
12 0.15 0
12 0.15 0.0125
12 0.15 0.0125
12 0.15 0.0125
12 0.15 0
12 0.15 0
12 0.15 0.0125
12 0.15 0.05
12 0.15 0.0125
12 0.15 0.025
12 0.15 0.0125
12 0.15 0.0375
12 0.15 0
12 0.15 0.025
12 0.15 0
12 0.15 0
12 0.15 0
12 0.15 0
12 0.15 0
12 0.15 0
12 0.15 0.05
12 0.15 0
12 0.15 0
12 0.15 0
12 0.15 0
12 0.15 0
12 0.15 0
12 0.15 0
12 0.15 0.0125
12 0.15 0
12 0.15 0.0125
12 0.15 0.05
12 0.15 0.0125
12 0.15 0
12 0.15 0.0125
12 0.15 0.0125
12 0.15 0
12 0.15 0.05
12 0.15 0
12 0.15 0
12 0.15 0
12 0.15 0
12 0.15 0.0125
12 0.15 0
12 0.15 0
12 0.15 0.0125
12 0.15 0
12 0.15 0
12 0.15 0.0125
12 0.15 0
12 0.15 0
12 0.15 0.0875
12 0.15 0
12 0.15 0.025
12 0.15 0
12 0.15 0.0125
12 0.15 0.0375
12 0.15 0.025
12 0.15 0
12 0.15 0
12 0.15 0
12 0.15 0
12 0.15 0
12 0.15 0
12 0.15 0
12 0.15 0.0125
12 0.15 0.0375
12 0.15 0
12 0.15 0
12 0.15 0
12 0.15 0
12 0.15 0.0125
12 0.15 0
12 0.15 0
12 0.15 0
12 0.15 0
12 0.15 0
12 0.15 0
12 0.15 0
12 0.15 0
12 0.15 0
12 0.15 0
12 0.15 0.025
12 0.15 0
12 0.15 0
12 0.15 0.0125
12 0.15 0.0125
12 0.15 0.0125
12 0.15 0
12 0.15 0.0125
12 0.15 0
12 0.15 0
12 0.15 0
12 0.15 0.0125
12 0.15 0.0125
12 0.15 0.0125
12 0.15 0
12 0.15 0
12 0.15 0.05
12 0.15 0.0125
12 0.15 0.0125
12 0.15 0
12 0.15 0
12 0.15 0.025
12 0.15 0
12 0.15 0
12 0.15 0.0125
12 0.15 0.0625
12 0.15 0
12 0.15 0.0375
12 0.15 0
12 0.15 0.0125
12 0.15 0
12 0.15 0
12 0.15 0.05
12 0.15 0
12 0.15 0
12 0.15 0.025
12 0.15 0
12 0.15 0
12 0.15 0.0125
12 0.15 0.05
12 0.15 0.0125
12 0.15 0.0125
12 0.15 0
12 0.15 0.0125
12 0.15 0
12 0.15 0
12 0.15 0.05
12 0.15 0.0125
12 0.15 0
12 0.15 0.025
12 0.15 0.0125
12 0.15 0
12 0.15 0
12 0.15 0
12 0.15 0
12 0.15 0
12 0.15 0
12 0.15 0
12 0.15 0
12 0.15 0
12 0.15 0.0125
12 0.15 0
12 0.15 0
12 0.15 0
12 0.15 0
12 0.15 0
12 0.15 0.0125
12 0.15 0.0125
12 0.15 0.0125
12 0.15 0.0125
12 0.15 0.025
12 0.15 0.0125
12 0.15 0.0125
12 0.15 0.0625
12 0.15 0.025
12 0.15 0.025
12 0.15 0.025
12 0.15 0.025
12 0.15 0.05
12 0.15 0.0125
12 0.15 0.0125
12 0.15 0.0125
12 0.15 0.0125
12 0.15 0.0125
12 0.15 0.0125
12 0.15 0.0125
12 0.15 0.0375
12 0.15 0.025
12 0.15 0.0125
12 0.15 0.0125
12 0.15 0.0125
12 0.15 0.0125
12 0.15 0.0125
12 0.15 0.0125
12 0.15 0.0125
12 0.15 0.025
12 0.15 0.025
12 0.15 0.0125
12 0.15 0.025
12 0.15 0.0125
12 0.15 0.025
12 0.15 0.0375
12 0.15 0.0125
12 0.15 0.025
12 0.15 0.0125
12 0.15 0.0625
12 0.15 0.0125
12 0.15 0.0125
12 0.15 0.025
12 0.15 0.0125
12 0.15 0.0125
12 0.15 0.025
12 0.15 0.025
12 0.15 0.025
12 0.15 0.025
12 0.15 0.0125
12 0.15 0.025
12 0.15 0.0125
12 0.15 0.025
12 0.15 0.025
12 0.15 0.025
12 0.15 0.025
12 0.15 0.025
12 0.15 0.0125
12 0.15 0.025
12 0.15 0.025
12 0.15 0.0375
12 0.15 0.0125
12 0.15 0.025
12 0.15 0.0125
12 0.15 0.025
12 0.15 0.025
12 0.15 0.0125
12 0.15 0.025
12 0.15 0.075
12 0.15 0.025
12 0.15 0.025
12 0.15 0.0125
12 0.15 0.025
12 0.15 0.0125
12 0.15 0.025
12 0.15 0.025
12 0.15 0.0375
12 0.15 0.05
12 0.15 0.0375
12 0.15 0.025
12 0.15 0.0625
12 0.15 0.05
12 0.15 0.025
12 0.15 0.05
12 0.15 0.0375
12 0.15 0.05
12 0.2 0.275
12 0.2 0.2125
12 0.2 0.2375
12 0.2 0.325
12 0.2 0.175
12 0.2 0.2375
12 0.2 0.2625
12 0.2 0.2625
12 0.2 0.225
12 0.2 0.2125
12 0.2 0.3375
12 0.2 0.3125
12 0.2 0.2
12 0.2 0.4
12 0.2 0.25
12 0.2 0.2125
12 0.2 0.2125
12 0.2 0.15
12 0.2 0.25
12 0.2 0.2875
12 0.2 0.3125
12 0.2 0.2375
12 0.2 0.275
12 0.2 0.1875
12 0.2 0.3125
12 0.2 0.3625
12 0.2 0.45
12 0.2 0.15
12 0.2 0.4125
12 0.2 0.25
12 0.2 0.15
12 0.2 0.25
12 0.2 0.3375
12 0.2 0.25
12 0.2 0.25
12 0.2 0.275
12 0.2 0.225
12 0.2 0.4625
12 0.2 0.325
12 0.2 0.3
12 0.2 0.1375
12 0.2 0.2375
12 0.2 0.125
12 0.2 0.225
12 0.2 0.275
12 0.2 0.35
12 0.2 0.4125
12 0.2 0.25
12 0.2 0.325
12 0.2 0.225
12 0.2 0.275
12 0.2 0.2125
12 0.2 0.2
12 0.2 0.3375
12 0.2 0.2
12 0.2 0.2875
12 0.2 0.2125
12 0.2 0.175
12 0.2 0.225
12 0.2 0.3375
12 0.2 0.4
12 0.2 0.275
12 0.2 0.2625
12 0.2 0.175
12 0.2 0.425
12 0.2 0.375
12 0.2 0.25
12 0.2 0.2625
12 0.2 0.1875
12 0.2 0.2125
12 0.2 0.1875
12 0.2 0.15
12 0.2 0.2
12 0.2 0.275
12 0.2 0.1125
12 0.2 0.275
12 0.2 0.325
12 0.2 0.3125
12 0.2 0.1875
12 0.2 0.2375
12 0.2 0.1125
12 0.2 0.25
12 0.2 0.1
12 0.2 0.3125
12 0.2 0.2625
12 0.2 0.3125
12 0.2 0.3
12 0.2 0.375
12 0.2 0.125
12 0.2 0.15
12 0.2 0.25
12 0.2 0.275
12 0.2 0.175
12 0.2 0.2
12 0.2 0.3
12 0.2 0.1625
12 0.2 0.2625
12 0.2 0.1625
12 0.2 0.3625
12 0.2 0.2125
12 0.2 0.275
12 0.2 0.2375
12 0.2 0.1125
12 0.2 0.3125
12 0.2 0.2
12 0.2 0.225
12 0.2 0.3375
12 0.2 0.1625
12 0.2 0.3125
12 0.2 0.2625
12 0.2 0.2625
12 0.2 0.3125
12 0.2 0.2125
12 0.2 0.1125
12 0.2 0.2
12 0.2 0.1
12 0.2 0.225
12 0.2 0.3375
12 0.2 0.325
12 0.2 0.2875
12 0.2 0.2875
12 0.2 0.3375
12 0.2 0.225
12 0.2 0.1875
12 0.2 0.2
12 0.2 0.15
12 0.2 0.3
12 0.2 0.3375
12 0.2 0.35
12 0.2 0.3
12 0.2 0.15
12 0.2 0.2625
12 0.2 0.1625
12 0.2 0.3125
12 0.2 0.275
12 0.2 0.1875
12 0.2 0.3125
12 0.2 0.1625
12 0.2 0.2875
12 0.2 0.225
12 0.2 0.1875
12 0.2 0.1875
12 0.2 0.35
12 0.2 0.2875
12 0.2 0.35
12 0.2 0.3375
12 0.2 0.225
12 0.2 0.275
12 0.2 0.3375
12 0.2 0.325
12 0.2 0.275
12 0.2 0.1875
12 0.2 0.2
12 0.2 0.2875
12 0.2 0.2125
12 0.2 0.2375
12 0.2 0.2125
12 0.2 0.3125
12 0.2 0.225
12 0.2 0.275
12 0.2 0.2125
12 0.2 0.1375
12 0.2 0.2625
12 0.2 0.2125
12 0.2 0.2375
12 0.2 0.175
12 0.2 0.425
12 0.2 0.25
12 0.2 0.4125
12 0.2 0.3875
12 0.2 0.3
12 0.2 0.025
12 0.2 0.2
12 0.2 0.15
12 0.2 0.1375
12 0.2 0.1625
12 0.2 0.2375
12 0.2 0.3
12 0.2 0.45
12 0.2 0.3125
12 0.2 0.3875
12 0.2 0.2125
12 0.2 0.3625
12 0.2 0.1
12 0.2 0.1625
12 0.2 0.275
12 0.2 0.2125
12 0.2 0.0625
12 0.2 0.275
12 0.2 0.35
12 0.2 0.2
12 0.2 0.325
12 0.2 0.2875
12 0.2 0.3375
12 0.2 0.25
12 0.2 0.175
12 0.2 0.15
12 0.2 0.1625
12 0.2 0.125
12 0.2 0.3
12 0.2 0.2
12 0.2 0.375
12 0.2 0.2125
12 0.2 0.25
12 0.2 0.25
12 0.2 0.2625
12 0.2 0.2375
12 0.2 0.05
12 0.2 0.2625
12 0.2 0.1625
12 0.2 0.3
12 0.2 0.1125
12 0.2 0.2125
12 0.2 0.275
12 0.2 0.2875
12 0.2 0.2
12 0.2 0.2875
12 0.2 0.2125
12 0.2 0.225
12 0.2 0.275
12 0.2 0.175
12 0.2 0.2625
12 0.2 0.0875
12 0.2 0.225
12 0.2 0.15
12 0.2 0.2
12 0.2 0.2
12 0.2 0.2125
12 0.2 0.1875
12 0.2 0.3875
12 0.2 0.3
12 0.2 0.2625
12 0.2 0.2375
12 0.2 0.2875
12 0.2 0.1625
12 0.2 0.4
12 0.2 0.275
12 0.2 0.2875
12 0.2 0.175
12 0.2 0.35
12 0.25 0.8125
12 0.25 0.85
12 0.25 0.8875
12 0.25 0.7625
12 0.25 0.8
12 0.25 0.8375
12 0.25 0.775
12 0.25 0.775
12 0.25 0.8875
12 0.25 0.7625
12 0.25 0.8
12 0.25 0.85
12 0.25 0.7125
12 0.25 0.75
12 0.25 0.6375
12 0.25 0.875
12 0.25 0.8625
12 0.25 0.7
12 0.25 0.725
12 0.25 0.7375
12 0.25 0.7625
12 0.25 0.7125
12 0.25 0.8125
12 0.25 0.6
12 0.25 0.6875
12 0.25 0.8375
12 0.25 0.8125
12 0.25 0.825
12 0.25 0.75
12 0.25 0.825
12 0.25 0.8
12 0.25 0.8
12 0.25 0.7875
12 0.25 0.8125
12 0.25 0.7875
12 0.25 0.8375
12 0.25 0.6875
12 0.25 0.7875
12 0.25 0.8125
12 0.25 0.6875
12 0.25 0.9
12 0.25 0.775
12 0.25 0.7125
12 0.25 0.85
12 0.25 0.6625
12 0.25 0.7625
12 0.25 0.825
12 0.25 0.775
12 0.25 0.7
12 0.25 0.6875
12 0.25 0.625
12 0.25 0.7125
12 0.25 0.7625
12 0.25 0.8375
12 0.25 0.925
12 0.25 0.825
12 0.25 0.625
12 0.25 0.7125
12 0.25 0.8
12 0.25 0.775
12 0.25 0.85
12 0.25 0.8
12 0.25 0.85
12 0.25 0.7875
12 0.25 0.825
12 0.25 0.725
12 0.25 0.8625
12 0.25 0.825
12 0.25 0.7375
12 0.25 0.8125
12 0.25 0.725
12 0.25 0.8
12 0.25 0.7
12 0.25 0.8125
12 0.25 0.7
12 0.25 0.875
12 0.25 0.7875
12 0.25 0.7625
12 0.25 0.7125
12 0.25 0.7
12 0.25 0.6875
12 0.25 0.875
12 0.25 0.675
12 0.25 0.7125
12 0.25 0.775
12 0.25 0.8625
12 0.25 0.8
12 0.25 0.6875
12 0.25 0.8
12 0.25 0.7625
12 0.25 0.825
12 0.25 0.75
12 0.25 0.725
12 0.25 0.825
12 0.25 0.825
12 0.25 0.675
12 0.25 0.6875
12 0.25 0.8
12 0.25 0.675
12 0.25 0.8
12 0.25 0.6375
12 0.25 0.7875
12 0.25 0.675
12 0.25 0.775
12 0.25 0.6625
12 0.25 0.75
12 0.25 0.85
12 0.25 0.6875
12 0.25 0.725
12 0.25 0.7625
12 0.25 0.75
12 0.25 0.8
12 0.25 0.75
12 0.25 0.65
12 0.25 0.7
12 0.25 0.7625
12 0.25 0.825
12 0.25 0.7375
12 0.25 0.775
12 0.25 0.675
12 0.25 0.7875
12 0.25 0.6625
12 0.25 0.7875
12 0.25 0.8
12 0.25 0.7125
12 0.25 0.6375
12 0.25 0.775
12 0.25 0.825
12 0.25 0.85
12 0.25 0.7625
12 0.25 0.7625
12 0.25 0.775
12 0.25 0.6875
12 0.25 0.85
12 0.25 0.7375
12 0.25 0.7125
12 0.25 0.675
12 0.25 0.7125
12 0.25 0.725
12 0.25 0.85
12 0.25 0.75
12 0.25 0.725
12 0.25 0.7
12 0.25 0.675
12 0.25 0.7375
12 0.25 0.6875
12 0.25 0.8125
12 0.25 0.75
12 0.25 0.85
12 0.25 0.7375
12 0.25 0.8
12 0.25 0.775
12 0.25 0.7875
12 0.25 0.75
12 0.25 0.825
12 0.25 0.7375
12 0.25 0.8
12 0.25 0.8125
12 0.25 0.7375
12 0.25 0.7875
12 0.25 0.85
12 0.25 0.7875
12 0.25 0.7875
12 0.25 0.8
12 0.25 0.7375
12 0.25 0.825
12 0.25 0.8375
12 0.25 0.7875
12 0.25 0.775
12 0.25 0.725
12 0.25 0.7
12 0.25 0.7
12 0.25 0.8
12 0.25 0.6375
12 0.25 0.7125
12 0.25 0.8375
12 0.25 0.7375
12 0.25 0.8125
12 0.25 0.7375
12 0.25 0.7625
12 0.25 0.8125
12 0.25 0.75
12 0.25 0.7375
12 0.25 0.8375
12 0.25 0.7
12 0.25 0.75
12 0.25 0.6875
12 0.25 0.5625
12 0.25 0.7875
12 0.25 0.8375
12 0.25 0.6875
12 0.25 0.675
12 0.25 0.725
12 0.25 0.775
12 0.25 0.775
12 0.25 0.6875
12 0.25 0.6375
12 0.25 0.7375
12 0.25 0.8
12 0.25 0.75
12 0.25 0.9125
12 0.25 0.8
12 0.25 0.775
12 0.25 0.8625
12 0.25 0.75
12 0.25 0.75
12 0.25 0.85
12 0.25 0.725
12 0.25 0.7875
12 0.25 0.7125
12 0.25 0.825
12 0.25 0.7625
12 0.25 0.7
12 0.25 0.7625
12 0.25 0.825
12 0.25 0.7125
12 0.25 0.8
12 0.25 0.65
12 0.25 0.75
12 0.25 0.7625
12 0.25 0.625
12 0.25 0.75
12 0.25 0.7625
12 0.25 0.725
12 0.25 0.75
12 0.25 0.65
12 0.25 0.7625
12 0.25 0.8625
12 0.25 0.75
12 0.25 0.8125
12 0.25 0.775
12 0.25 0.7625
12 0.25 0.725
12 0.25 0.7125
12 0.25 0.7625
12 0.25 0.6375
12 0.25 0.7375
12 0.25 0.7
12 0.25 0.6375
12 0.25 0.7
12 0.3 0.9875
12 0.3 1
12 0.3 0.95
12 0.3 0.9875
12 0.3 0.9625
12 0.3 0.9875
12 0.3 0.9875
12 0.3 0.9875
12 0.3 1
12 0.3 1
12 0.3 1
12 0.3 0.9625
12 0.3 0.9875
12 0.3 0.9375
12 0.3 0.9875
12 0.3 0.975
12 0.3 0.9625
12 0.3 0.9625
12 0.3 0.9625
12 0.3 0.95
12 0.3 0.95
12 0.3 0.9625
12 0.3 0.9875
12 0.3 0.95
12 0.3 0.975
12 0.3 0.9625
12 0.3 0.95
12 0.3 0.95
12 0.3 0.925
12 0.3 0.95
12 0.3 0.9625
12 0.3 0.925
12 0.3 0.95
12 0.3 0.9375
12 0.3 0.9375
12 0.3 0.9625
12 0.3 0.975
12 0.3 0.975
12 0.3 0.9875
12 0.3 0.9375
12 0.3 1
12 0.3 1
12 0.3 0.975
12 0.3 0.975
12 0.3 1
12 0.3 0.9875
12 0.3 0.9625
12 0.3 0.975
12 0.3 0.9625
12 0.3 0.9875
12 0.3 0.9875
12 0.3 1
12 0.3 1
12 0.3 0.95
12 0.3 0.95
12 0.3 0.975
12 0.3 0.975
12 0.3 0.975
12 0.3 1
12 0.3 0.95
12 0.3 0.95
12 0.3 0.9875
12 0.3 1
12 0.3 0.9875
12 0.3 0.95
12 0.3 0.95
12 0.3 0.9875
12 0.3 0.975
12 0.3 0.9625
12 0.3 0.975
12 0.3 0.975
12 0.3 0.9875
12 0.3 0.95
12 0.3 0.95
12 0.3 0.9625
12 0.3 0.95
12 0.3 0.9125
12 0.3 0.9375
12 0.3 0.9375
12 0.3 0.925
12 0.3 0.95
12 0.3 1
12 0.3 0.975
12 0.3 1
12 0.3 0.9625
12 0.3 0.975
12 0.3 0.975
12 0.3 0.925
12 0.3 1
12 0.3 0.975
12 0.3 0.9875
12 0.3 1
12 0.3 0.9625
12 0.3 0.975
12 0.3 0.9875
12 0.3 0.975
12 0.3 0.975
12 0.3 0.9625
12 0.3 0.975
12 0.3 0.9625
12 0.3 0.975
12 0.3 0.95
12 0.3 0.9375
12 0.3 0.9625
12 0.3 0.9875
12 0.3 0.9875
12 0.3 0.95
12 0.3 0.9625
12 0.3 0.9875
12 0.3 1
12 0.3 0.9875
12 0.3 1
12 0.3 0.975
12 0.3 0.975
12 0.3 0.9625
12 0.3 0.9875
12 0.3 0.9875
12 0.3 0.95
12 0.3 0.925
12 0.3 0.9625
12 0.3 0.9625
12 0.3 0.9875
12 0.3 1
12 0.3 1
12 0.3 0.9375
12 0.3 1
12 0.3 0.9875
12 0.3 0.95
12 0.3 0.9625
12 0.3 0.9375
12 0.3 0.975
12 0.3 0.975
12 0.3 0.9375
12 0.3 0.95
12 0.3 0.9875
12 0.3 0.9875
12 0.3 0.9625
12 0.3 0.975
12 0.3 0.9875
12 0.3 0.9625
12 0.3 1
12 0.3 1
12 0.3 0.975
12 0.3 0.9875
12 0.3 0.9875
12 0.3 1
12 0.3 0.9625
12 0.3 0.9625
12 0.3 0.9875
12 0.3 0.95
12 0.3 0.975
12 0.3 1
12 0.3 0.9875
12 0.3 0.9625
12 0.3 0.9875
12 0.3 0.9625
12 0.3 0.975
12 0.3 0.9625
12 0.3 1
12 0.3 0.9875
12 0.3 0.9875
12 0.3 0.9625
12 0.3 0.975
12 0.3 0.9625
12 0.3 0.975
12 0.3 0.95
12 0.3 0.9875
12 0.3 1
12 0.3 0.9875
12 0.3 0.9625
12 0.3 0.9875
12 0.3 0.975
12 0.3 0.9625
12 0.3 0.9625
12 0.3 0.9625
12 0.3 0.95
12 0.3 0.95
12 0.3 0.975
12 0.3 0.9875
12 0.3 0.9625
12 0.3 0.975
12 0.3 0.9875
12 0.3 0.9375
12 0.3 0.9875
12 0.3 0.9875
12 0.3 0.9625
12 0.3 0.95
12 0.3 0.975
12 0.3 0.975
12 0.3 0.9625
12 0.3 1
12 0.3 1
12 0.3 0.95
12 0.3 0.9875
12 0.3 0.9625
12 0.3 0.9625
12 0.3 1
12 0.3 0.9125
12 0.3 0.9875
12 0.3 0.9625
12 0.3 0.975
12 0.3 1
12 0.3 0.975
12 0.3 0.9875
12 0.3 1
12 0.3 1
12 0.3 0.975
12 0.3 0.975
12 0.3 0.9625
12 0.3 0.95
12 0.3 0.975
12 0.3 0.9625
12 0.3 0.95
12 0.3 0.9625
12 0.3 0.9625
12 0.3 0.9625
12 0.3 0.8375
12 0.3 0.95
12 0.3 0.95
12 0.3 0.975
12 0.3 0.975
12 0.3 0.9625
12 0.3 0.925
12 0.3 0.9375
12 0.3 0.975
12 0.3 0.9375
12 0.3 0.975
12 0.3 0.9
12 0.3 0.9625
12 0.3 0.925
12 0.3 0.95
12 0.3 0.9625
12 0.3 0.975
12 0.3 0.975
12 0.3 0.8625
12 0.3 0.9375
12 0.3 0.95
12 0.3 0.9875
12 0.3 0.925
12 0.3 0.9375
12 0.35 1
12 0.35 1
12 0.35 1
12 0.35 1
12 0.35 1
12 0.35 1
12 0.35 1
12 0.35 1
12 0.35 1
12 0.35 1
12 0.35 1
12 0.35 1
12 0.35 1
12 0.35 1
12 0.35 1
12 0.35 1
12 0.35 1
12 0.35 1
12 0.35 1
12 0.35 1
12 0.35 1
12 0.35 1
12 0.35 1
12 0.35 1
12 0.35 1
12 0.35 0.9875
12 0.35 1
12 0.35 1
12 0.35 1
12 0.35 1
12 0.35 1
12 0.35 1
12 0.35 1
12 0.35 1
12 0.35 1
12 0.35 1
12 0.35 1
12 0.35 0.9875
12 0.35 1
12 0.35 1
12 0.35 0.9875
12 0.35 1
12 0.35 1
12 0.35 1
12 0.35 1
12 0.35 1
12 0.35 1
12 0.35 1
12 0.35 1
12 0.35 1
12 0.35 1
12 0.35 1
12 0.35 1
12 0.35 1
12 0.35 1
12 0.35 1
12 0.35 1
12 0.35 1
12 0.35 1
12 0.35 1
12 0.35 1
12 0.35 0.9875
12 0.35 1
12 0.35 1
12 0.35 1
12 0.35 1
12 0.35 1
12 0.35 0.9875
12 0.35 1
12 0.35 1
12 0.35 1
12 0.35 1
12 0.35 1
12 0.35 1
12 0.35 1
12 0.35 1
12 0.35 1
12 0.35 1
12 0.35 1
12 0.35 1
12 0.35 1
12 0.35 0.9875
12 0.35 1
12 0.35 1
12 0.35 1
12 0.35 1
12 0.35 1
12 0.35 1
12 0.35 1
12 0.35 1
12 0.35 1
12 0.35 1
12 0.35 1
12 0.35 1
12 0.35 1
12 0.35 1
12 0.35 1
12 0.35 1
12 0.35 1
12 0.35 1
12 0.35 0.9875
12 0.35 1
12 0.35 1
12 0.35 1
12 0.35 1
12 0.35 1
12 0.35 1
12 0.35 1
12 0.35 1
12 0.35 0.9875
12 0.35 1
12 0.35 1
12 0.35 1
12 0.35 1
12 0.35 1
12 0.35 1
12 0.35 1
12 0.35 1
12 0.35 1
12 0.35 1
12 0.35 1
12 0.35 1
12 0.35 1
12 0.35 1
12 0.35 1
12 0.35 1
12 0.35 1
12 0.35 1
12 0.35 1
12 0.35 1
12 0.35 1
12 0.35 1
12 0.35 1
12 0.35 1
12 0.35 1
12 0.35 1
12 0.35 1
12 0.35 1
12 0.35 1
12 0.35 1
12 0.35 1
12 0.35 1
12 0.35 1
12 0.35 0.9875
12 0.35 1
12 0.35 1
12 0.35 1
12 0.35 1
12 0.35 1
12 0.35 1
12 0.35 1
12 0.35 1
12 0.35 1
12 0.35 1
12 0.35 1
12 0.35 1
12 0.35 1
12 0.35 0.9875
12 0.35 1
12 0.35 1
12 0.35 1
12 0.35 1
12 0.35 1
12 0.35 1
12 0.35 1
12 0.35 1
12 0.35 1
12 0.35 1
12 0.35 1
12 0.35 1
12 0.35 1
12 0.35 1
12 0.35 1
12 0.35 1
12 0.35 1
12 0.35 1
12 0.35 1
12 0.35 1
12 0.35 1
12 0.35 1
12 0.35 1
12 0.35 1
12 0.35 1
12 0.35 1
12 0.35 1
12 0.35 1
12 0.35 1
12 0.35 1
12 0.35 1
12 0.35 1
12 0.35 1
12 0.35 1
12 0.35 0.9875
12 0.35 1
12 0.35 0.9875
12 0.35 0.9875
12 0.35 1
12 0.35 0.9875
12 0.35 1
12 0.35 1
12 0.35 1
12 0.35 1
12 0.35 1
12 0.35 1
12 0.35 1
12 0.35 1
12 0.35 1
12 0.35 1
12 0.35 1
12 0.35 1
12 0.35 1
12 0.35 1
12 0.35 1
12 0.35 1
12 0.35 1
12 0.35 1
12 0.35 0.9875
12 0.35 1
12 0.35 1
12 0.35 1
12 0.35 1
12 0.35 1
12 0.35 1
12 0.35 1
12 0.35 0.9875
12 0.35 1
12 0.35 1
12 0.35 1
12 0.35 1
12 0.35 1
12 0.35 1
12 0.35 1
12 0.35 1
12 0.35 1
12 0.35 1
12 0.35 1
12 0.35 1
12 0.35 1
12 0.35 1
12 0.35 0.9875
12 0.4 1
12 0.4 1
12 0.4 1
12 0.4 1
12 0.4 1
12 0.4 1
12 0.4 1
12 0.4 1
12 0.4 1
12 0.4 1
12 0.4 1
12 0.4 1
12 0.4 1
12 0.4 1
12 0.4 1
12 0.4 1
12 0.4 1
12 0.4 1
12 0.4 1
12 0.4 1
12 0.4 1
12 0.4 1
12 0.4 1
12 0.4 1
12 0.4 1
12 0.4 1
12 0.4 1
12 0.4 1
12 0.4 1
12 0.4 1
12 0.4 1
12 0.4 1
12 0.4 1
12 0.4 1
12 0.4 1
12 0.4 1
12 0.4 1
12 0.4 1
12 0.4 1
12 0.4 1
12 0.4 1
12 0.4 1
12 0.4 1
12 0.4 1
12 0.4 1
12 0.4 1
12 0.4 1
12 0.4 1
12 0.4 1
12 0.4 1
12 0.4 1
12 0.4 1
12 0.4 1
12 0.4 1
12 0.4 1
12 0.4 1
12 0.4 1
12 0.4 1
12 0.4 1
12 0.4 1
12 0.4 1
12 0.4 1
12 0.4 1
12 0.4 1
12 0.4 1
12 0.4 1
12 0.4 1
12 0.4 1
12 0.4 1
12 0.4 1
12 0.4 1
12 0.4 1
12 0.4 1
12 0.4 1
12 0.4 1
12 0.4 1
12 0.4 1
12 0.4 1
12 0.4 1
12 0.4 1
12 0.4 1
12 0.4 1
12 0.4 1
12 0.4 1
12 0.4 1
12 0.4 1
12 0.4 1
12 0.4 1
12 0.4 1
12 0.4 1
12 0.4 1
12 0.4 1
12 0.4 1
12 0.4 1
12 0.4 1
12 0.4 1
12 0.4 1
12 0.4 1
12 0.4 1
12 0.4 1
12 0.4 1
12 0.4 1
12 0.4 1
12 0.4 1
12 0.4 1
12 0.4 1
12 0.4 1
12 0.4 1
12 0.4 1
12 0.4 1
12 0.4 1
12 0.4 1
12 0.4 1
12 0.4 1
12 0.4 1
12 0.4 1
12 0.4 1
12 0.4 1
12 0.4 1
12 0.4 1
12 0.4 1
12 0.4 1
12 0.4 1
12 0.4 1
12 0.4 1
12 0.4 1
12 0.4 1
12 0.4 1
12 0.4 1
12 0.4 1
12 0.4 1
12 0.4 1
12 0.4 1
12 0.4 1
12 0.4 1
12 0.4 1
12 0.4 1
12 0.4 1
12 0.4 1
12 0.4 1
12 0.4 1
12 0.4 1
12 0.4 1
12 0.4 1
12 0.4 1
12 0.4 1
12 0.4 1
12 0.4 1
12 0.4 1
12 0.4 1
12 0.4 1
12 0.4 1
12 0.4 1
12 0.4 1
12 0.4 1
12 0.4 1
12 0.4 1
12 0.4 1
12 0.4 1
12 0.4 1
12 0.4 1
12 0.4 1
12 0.4 1
12 0.4 1
12 0.4 1
12 0.4 1
12 0.4 1
12 0.4 1
12 0.4 1
12 0.4 1
12 0.4 1
12 0.4 1
12 0.4 1
12 0.4 1
12 0.4 1
12 0.4 1
12 0.4 1
12 0.4 1
12 0.4 1
12 0.4 1
12 0.4 1
12 0.4 1
12 0.4 1
12 0.4 1
12 0.4 1
12 0.4 1
12 0.4 1
12 0.4 1
12 0.4 1
12 0.4 1
12 0.4 1
12 0.4 1
12 0.4 1
12 0.4 1
12 0.4 1
12 0.4 1
12 0.4 1
12 0.4 1
12 0.4 1
12 0.4 1
12 0.4 1
12 0.4 1
12 0.4 1
12 0.4 1
12 0.4 1
12 0.4 1
12 0.4 1
12 0.4 1
12 0.4 1
12 0.4 1
12 0.4 1
12 0.4 1
12 0.4 1
12 0.4 1
12 0.4 1
12 0.4 1
12 0.4 1
12 0.4 1
12 0.4 1
12 0.4 1
12 0.4 1
12 0.4 1
12 0.4 1
12 0.4 1
12 0.4 1
12 0.4 1
12 0.4 1
12 0.4 1
12 0.4 1
12 0.4 1
12 0.4 1
12 0.4 1
12 0.4 1
12 0.4 1
12 0.4 1
12 0.4 1
12 0.4 1
12 0.4 1
12 0.4 1
12 0.4 1
12 0.45 1
12 0.45 1
12 0.45 1
12 0.45 1
12 0.45 1
12 0.45 1
12 0.45 1
12 0.45 1
12 0.45 1
12 0.45 1
12 0.45 1
12 0.45 1
12 0.45 1
12 0.45 1
12 0.45 1
12 0.45 1
12 0.45 1
12 0.45 1
12 0.45 1
12 0.45 1
12 0.45 1
12 0.45 1
12 0.45 1
12 0.45 1
12 0.45 1
12 0.45 1
12 0.45 1
12 0.45 1
12 0.45 1
12 0.45 1
12 0.45 1
12 0.45 1
12 0.45 1
12 0.45 1
12 0.45 1
12 0.45 1
12 0.45 1
12 0.45 1
12 0.45 1
12 0.45 1
12 0.45 1
12 0.45 1
12 0.45 1
12 0.45 1
12 0.45 1
12 0.45 1
12 0.45 1
12 0.45 1
12 0.45 1
12 0.45 1
12 0.45 1
12 0.45 1
12 0.45 1
12 0.45 1
12 0.45 1
12 0.45 1
12 0.45 1
12 0.45 1
12 0.45 1
12 0.45 1
12 0.45 1
12 0.45 1
12 0.45 1
12 0.45 1
12 0.45 1
12 0.45 1
12 0.45 1
12 0.45 1
12 0.45 1
12 0.45 1
12 0.45 1
12 0.45 1
12 0.45 1
12 0.45 1
12 0.45 1
12 0.45 1
12 0.45 1
12 0.45 1
12 0.45 1
12 0.45 1
12 0.45 1
12 0.45 1
12 0.45 1
12 0.45 1
12 0.45 1
12 0.45 1
12 0.45 1
12 0.45 1
12 0.45 1
12 0.45 1
12 0.45 1
12 0.45 1
12 0.45 1
12 0.45 1
12 0.45 1
12 0.45 1
12 0.45 1
12 0.45 1
12 0.45 1
12 0.45 1
12 0.45 1
12 0.45 1
12 0.45 1
12 0.45 1
12 0.45 1
12 0.45 1
12 0.45 1
12 0.45 1
12 0.45 1
12 0.45 1
12 0.45 1
12 0.45 1
12 0.45 1
12 0.45 1
12 0.45 1
12 0.45 1
12 0.45 1
12 0.45 1
12 0.45 1
12 0.45 1
12 0.45 1
12 0.45 1
12 0.45 1
12 0.45 1
12 0.45 1
12 0.45 1
12 0.45 1
12 0.45 1
12 0.45 1
12 0.45 1
12 0.45 1
12 0.45 1
12 0.45 1
12 0.45 1
12 0.45 1
12 0.45 1
12 0.45 1
12 0.45 1
12 0.45 1
12 0.45 1
12 0.45 1
12 0.45 1
12 0.45 1
12 0.45 1
12 0.45 1
12 0.45 1
12 0.45 1
12 0.45 1
12 0.45 1
12 0.45 1
12 0.45 1
12 0.45 1
12 0.45 1
12 0.45 1
12 0.45 1
12 0.45 1
12 0.45 1
12 0.45 1
12 0.45 1
12 0.45 1
12 0.45 1
12 0.45 1
12 0.45 1
12 0.45 1
12 0.45 1
12 0.45 1
12 0.45 1
12 0.45 1
12 0.45 1
12 0.45 1
12 0.45 1
12 0.45 1
12 0.45 1
12 0.45 1
12 0.45 1
12 0.45 1
12 0.45 1
12 0.45 1
12 0.45 1
12 0.45 1
12 0.45 1
12 0.45 1
12 0.45 1
12 0.45 1
12 0.45 1
12 0.45 1
12 0.45 1
12 0.45 1
12 0.45 1
12 0.45 1
12 0.45 1
12 0.45 1
12 0.45 1
12 0.45 1
12 0.45 1
12 0.45 1
12 0.45 1
12 0.45 1
12 0.45 1
12 0.45 1
12 0.45 1
12 0.45 1
12 0.45 1
12 0.45 1
12 0.45 1
12 0.45 1
12 0.45 1
12 0.45 1
12 0.45 1
12 0.45 1
12 0.45 1
12 0.45 1
12 0.45 1
12 0.45 1
12 0.45 1
12 0.45 1
12 0.45 1
12 0.45 1
12 0.45 1
12 0.45 1
12 0.45 1
12 0.45 1
12 0.45 1
12 0.45 1
12 0.45 1
12 0.45 1
12 0.45 1
12 0.45 1
12 0.45 1
12 0.45 1
12 0.45 1
12 0.45 1
12 0.45 1
12 0.45 1
12 0.45 1
12 0.45 1
12 0.45 1
12 0.45 1
12 0.45 1
12 0.45 1
12 0.5 1
12 0.5 1
12 0.5 1
12 0.5 1
12 0.5 1
12 0.5 1
12 0.5 1
12 0.5 1
12 0.5 1
12 0.5 1
12 0.5 1
12 0.5 1
12 0.5 1
12 0.5 1
12 0.5 1
12 0.5 1
12 0.5 1
12 0.5 1
12 0.5 1
12 0.5 1
12 0.5 1
12 0.5 1
12 0.5 1
12 0.5 1
12 0.5 1
12 0.5 1
12 0.5 1
12 0.5 1
12 0.5 1
12 0.5 1
12 0.5 1
12 0.5 1
12 0.5 1
12 0.5 1
12 0.5 1
12 0.5 1
12 0.5 1
12 0.5 1
12 0.5 1
12 0.5 1
12 0.5 1
12 0.5 1
12 0.5 1
12 0.5 1
12 0.5 1
12 0.5 1
12 0.5 1
12 0.5 1
12 0.5 1
12 0.5 1
12 0.5 1
12 0.5 1
12 0.5 1
12 0.5 1
12 0.5 1
12 0.5 1
12 0.5 1
12 0.5 1
12 0.5 1
12 0.5 1
12 0.5 1
12 0.5 1
12 0.5 1
12 0.5 1
12 0.5 1
12 0.5 1
12 0.5 1
12 0.5 1
12 0.5 1
12 0.5 1
12 0.5 1
12 0.5 1
12 0.5 1
12 0.5 1
12 0.5 1
12 0.5 1
12 0.5 1
12 0.5 1
12 0.5 1
12 0.5 1
12 0.5 1
12 0.5 1
12 0.5 1
12 0.5 1
12 0.5 1
12 0.5 1
12 0.5 1
12 0.5 1
12 0.5 1
12 0.5 1
12 0.5 1
12 0.5 1
12 0.5 1
12 0.5 1
12 0.5 1
12 0.5 1
12 0.5 1
12 0.5 1
12 0.5 1
12 0.5 1
12 0.5 1
12 0.5 1
12 0.5 1
12 0.5 1
12 0.5 1
12 0.5 1
12 0.5 1
12 0.5 1
12 0.5 1
12 0.5 1
12 0.5 1
12 0.5 1
12 0.5 1
12 0.5 1
12 0.5 1
12 0.5 1
12 0.5 1
12 0.5 1
12 0.5 1
12 0.5 1
12 0.5 1
12 0.5 1
12 0.5 1
12 0.5 1
12 0.5 1
12 0.5 1
12 0.5 1
12 0.5 1
12 0.5 1
12 0.5 1
12 0.5 1
12 0.5 1
12 0.5 1
12 0.5 1
12 0.5 1
12 0.5 1
12 0.5 1
12 0.5 1
12 0.5 1
12 0.5 1
12 0.5 1
12 0.5 1
12 0.5 1
12 0.5 1
12 0.5 1
12 0.5 1
12 0.5 1
12 0.5 1
12 0.5 1
12 0.5 1
12 0.5 1
12 0.5 1
12 0.5 1
12 0.5 1
12 0.5 1
12 0.5 1
12 0.5 1
12 0.5 1
12 0.5 1
12 0.5 1
12 0.5 1
12 0.5 1
12 0.5 1
12 0.5 1
12 0.5 1
12 0.5 1
12 0.5 1
12 0.5 1
12 0.5 1
12 0.5 1
12 0.5 1
12 0.5 1
12 0.5 1
12 0.5 1
12 0.5 1
12 0.5 1
12 0.5 1
12 0.5 1
12 0.5 1
12 0.5 1
12 0.5 1
12 0.5 1
12 0.5 1
12 0.5 1
12 0.5 1
12 0.5 1
12 0.5 1
12 0.5 1
12 0.5 1
12 0.5 1
12 0.5 1
12 0.5 1
12 0.5 1
12 0.5 1
12 0.5 1
12 0.5 1
12 0.5 1
12 0.5 1
12 0.5 1
12 0.5 1
12 0.5 1
12 0.5 1
12 0.5 1
12 0.5 1
12 0.5 1
12 0.5 1
12 0.5 1
12 0.5 1
12 0.5 1
12 0.5 1
12 0.5 1
12 0.5 1
12 0.5 1
12 0.5 1
12 0.5 1
12 0.5 1
12 0.5 1
12 0.5 1
12 0.5 1
12 0.5 1
12 0.5 1
12 0.5 1
12 0.5 1
12 0.5 1
12 0.5 1
12 0.5 1
12 0.5 1
12 0.5 1
12 0.5 1
12 0.5 1
12 0.5 1
12 0.5 1
12 0.5 1
12 0.5 1
12 0.5 1
12 0.5 1
12 0.5 1
12 0.5 1
12 0.5 1
12 0.5 1
12 0.36 1
12 0.36 1
12 0.36 1
12 0.36 1
12 0.36 1
12 0.36 1
12 0.36 1
12 0.36 1
12 0.36 1
12 0.36 1
12 0.36 1
12 0.36 1
12 0.36 1
12 0.36 1
12 0.36 1
12 0.36 1
12 0.36 1
12 0.36 1
12 0.36 1
12 0.36 1
12 0.36 1
12 0.36 1
12 0.36 1
12 0.36 1
12 0.36 1
12 0.36 1
12 0.36 0.9875
12 0.36 1
12 0.36 1
12 0.36 1
12 0.36 1
12 0.36 1
12 0.36 1
12 0.36 1
12 0.36 1
12 0.36 1
12 0.36 0.9875
12 0.36 1
12 0.36 1
12 0.36 1
12 0.36 1
12 0.36 1
12 0.36 1
12 0.36 1
12 0.36 0.9875
12 0.36 0.9875
12 0.36 1
12 0.36 1
12 0.36 1
12 0.36 1
12 0.36 1
12 0.36 1
12 0.36 1
12 0.36 1
12 0.36 1
12 0.36 1
12 0.36 1
12 0.36 1
12 0.36 1
12 0.36 1
12 0.36 1
12 0.36 1
12 0.36 1
12 0.36 1
12 0.36 0.9875
12 0.36 1
12 0.36 1
12 0.36 1
12 0.36 1
12 0.36 1
12 0.36 1
12 0.36 1
12 0.36 1
12 0.36 1
12 0.36 1
12 0.36 1
12 0.36 1
12 0.36 1
12 0.36 1
12 0.36 1
12 0.36 1
12 0.36 0.9875
12 0.36 1
12 0.36 1
12 0.36 1
12 0.36 1
12 0.36 1
12 0.36 1
12 0.36 1
12 0.36 0.9875
12 0.36 1
12 0.36 1
12 0.36 1
12 0.36 1
12 0.36 0.9875
12 0.36 1
12 0.36 1
12 0.36 1
12 0.36 0.9875
12 0.36 1
12 0.36 1
12 0.36 0.9875
12 0.36 1
12 0.36 1
12 0.36 1
12 0.36 1
12 0.36 1
12 0.36 1
12 0.36 1
12 0.36 1
12 0.36 1
12 0.36 1
12 0.36 1
12 0.36 1
12 0.36 1
12 0.36 1
12 0.36 1
12 0.36 1
12 0.36 1
12 0.36 1
12 0.36 1
12 0.36 1
12 0.36 1
12 0.36 1
12 0.36 1
12 0.36 1
12 0.36 1
12 0.36 1
12 0.36 0.9875
12 0.36 1
12 0.36 1
12 0.36 1
12 0.36 1
12 0.36 1
12 0.36 1
12 0.36 1
12 0.36 1
12 0.36 1
12 0.36 1
12 0.36 1
12 0.36 1
12 0.36 1
12 0.36 1
12 0.36 1
12 0.36 1
12 0.36 1
12 0.36 1
12 0.36 1
12 0.36 1
12 0.36 1
12 0.36 1
12 0.36 1
12 0.36 1
12 0.36 1
12 0.36 0.9875
12 0.36 1
12 0.36 1
12 0.36 1
12 0.36 1
12 0.36 1
12 0.36 0.9875
12 0.36 1
12 0.36 1
12 0.36 1
12 0.36 1
12 0.36 1
12 0.36 1
12 0.36 1
12 0.36 1
12 0.36 1
12 0.36 1
12 0.36 1
12 0.36 1
12 0.36 1
12 0.36 1
12 0.36 1
12 0.36 1
12 0.36 1
12 0.36 1
12 0.36 1
12 0.36 1
12 0.36 1
12 0.36 1
12 0.36 1
12 0.36 1
12 0.36 1
12 0.36 1
12 0.36 1
12 0.36 1
12 0.36 1
12 0.36 1
12 0.36 1
12 0.36 1
12 0.36 1
12 0.36 1
12 0.36 1
12 0.36 0.975
12 0.36 1
12 0.36 1
12 0.36 1
12 0.36 1
12 0.36 1
12 0.36 1
12 0.36 1
12 0.36 1
12 0.36 1
12 0.36 1
12 0.36 1
12 0.36 1
12 0.36 0.9875
12 0.36 1
12 0.36 1
12 0.36 1
12 0.36 1
12 0.36 1
12 0.36 1
12 0.36 1
12 0.36 1
12 0.36 1
12 0.36 1
12 0.36 1
12 0.36 1
12 0.36 1
12 0.36 0.9875
12 0.36 1
12 0.36 1
12 0.36 1
12 0.36 1
12 0.36 1
12 0.36 0.9875
12 0.36 1
12 0.36 1
12 0.36 1
12 0.36 1
12 0.36 1
12 0.36 1
12 0.36 1
12 0.36 1
12 0.36 1
12 0.36 1
12 0.37 1
12 0.37 1
12 0.37 1
12 0.37 1
12 0.37 1
12 0.37 1
12 0.37 1
12 0.37 1
12 0.37 1
12 0.37 1
12 0.37 1
12 0.37 1
12 0.37 1
12 0.37 1
12 0.37 1
12 0.37 1
12 0.37 1
12 0.37 1
12 0.37 1
12 0.37 1
12 0.37 1
12 0.37 1
12 0.37 1
12 0.37 1
12 0.37 1
12 0.37 1
12 0.37 0.9875
12 0.37 1
12 0.37 1
12 0.37 1
12 0.37 1
12 0.37 1
12 0.37 1
12 0.37 1
12 0.37 1
12 0.37 1
12 0.37 1
12 0.37 1
12 0.37 1
12 0.37 1
12 0.37 1
12 0.37 1
12 0.37 1
12 0.37 0.9875
12 0.37 1
12 0.37 1
12 0.37 1
12 0.37 1
12 0.37 1
12 0.37 1
12 0.37 1
12 0.37 1
12 0.37 1
12 0.37 1
12 0.37 1
12 0.37 1
12 0.37 1
12 0.37 1
12 0.37 1
12 0.37 1
12 0.37 0.9875
12 0.37 1
12 0.37 1
12 0.37 1
12 0.37 1
12 0.37 1
12 0.37 1
12 0.37 1
12 0.37 1
12 0.37 1
12 0.37 1
12 0.37 1
12 0.37 1
12 0.37 1
12 0.37 1
12 0.37 1
12 0.37 1
12 0.37 1
12 0.37 1
12 0.37 1
12 0.37 1
12 0.37 1
12 0.37 1
12 0.37 1
12 0.37 1
12 0.37 1
12 0.37 1
12 0.37 1
12 0.37 1
12 0.37 1
12 0.37 1
12 0.37 1
12 0.37 1
12 0.37 1
12 0.37 1
12 0.37 1
12 0.37 1
12 0.37 1
12 0.37 1
12 0.37 1
12 0.37 1
12 0.37 1
12 0.37 1
12 0.37 1
12 0.37 1
12 0.37 1
12 0.37 1
12 0.37 1
12 0.37 1
12 0.37 1
12 0.37 1
12 0.37 1
12 0.37 1
12 0.37 1
12 0.37 1
12 0.37 1
12 0.37 1
12 0.37 1
12 0.37 1
12 0.37 1
12 0.37 1
12 0.37 1
12 0.37 1
12 0.37 1
12 0.37 1
12 0.37 1
12 0.37 1
12 0.37 1
12 0.37 1
12 0.37 1
12 0.37 1
12 0.37 1
12 0.37 1
12 0.37 1
12 0.37 1
12 0.37 1
12 0.37 1
12 0.37 1
12 0.37 1
12 0.37 1
12 0.37 1
12 0.37 1
12 0.37 1
12 0.37 1
12 0.37 1
12 0.37 1
12 0.37 1
12 0.37 1
12 0.37 1
12 0.37 1
12 0.37 1
12 0.37 1
12 0.37 1
12 0.37 1
12 0.37 1
12 0.37 1
12 0.37 1
12 0.37 1
12 0.37 1
12 0.37 1
12 0.37 1
12 0.37 1
12 0.37 1
12 0.37 1
12 0.37 1
12 0.37 1
12 0.37 1
12 0.37 1
12 0.37 1
12 0.37 1
12 0.37 1
12 0.37 1
12 0.37 1
12 0.37 1
12 0.37 1
12 0.37 1
12 0.37 1
12 0.37 1
12 0.37 1
12 0.37 1
12 0.37 1
12 0.37 1
12 0.37 1
12 0.37 1
12 0.37 1
12 0.37 1
12 0.37 1
12 0.37 1
12 0.37 1
12 0.37 1
12 0.37 1
12 0.37 1
12 0.37 1
12 0.37 1
12 0.37 1
12 0.37 1
12 0.37 1
12 0.37 1
12 0.37 1
12 0.37 1
12 0.37 1
12 0.37 1
12 0.37 1
12 0.37 1
12 0.37 1
12 0.37 1
12 0.37 1
12 0.37 1
12 0.37 1
12 0.37 1
12 0.37 1
12 0.37 1
12 0.37 1
12 0.37 1
12 0.37 1
12 0.37 1
12 0.37 1
12 0.37 1
12 0.37 1
12 0.37 1
12 0.37 1
12 0.37 1
12 0.37 1
12 0.37 1
12 0.37 1
12 0.37 1
12 0.37 1
12 0.37 1
12 0.37 1
12 0.37 1
12 0.37 1
12 0.37 1
12 0.37 1
12 0.37 1
12 0.37 0.9875
12 0.37 1
12 0.37 1
12 0.37 1
12 0.37 1
12 0.37 1
12 0.38 1
12 0.38 1
12 0.38 1
12 0.38 1
12 0.38 1
12 0.38 1
12 0.38 1
12 0.38 1
12 0.38 1
12 0.38 1
12 0.38 1
12 0.38 1
12 0.38 1
12 0.38 1
12 0.38 1
12 0.38 1
12 0.38 1
12 0.38 1
12 0.38 1
12 0.38 1
12 0.38 1
12 0.38 1
12 0.38 1
12 0.38 1
12 0.38 1
12 0.38 1
12 0.38 1
12 0.38 1
12 0.38 1
12 0.38 1
12 0.38 1
12 0.38 1
12 0.38 1
12 0.38 1
12 0.38 1
12 0.38 1
12 0.38 1
12 0.38 1
12 0.38 1
12 0.38 1
12 0.38 1
12 0.38 1
12 0.38 1
12 0.38 1
12 0.38 1
12 0.38 1
12 0.38 1
12 0.38 1
12 0.38 1
12 0.38 1
12 0.38 1
12 0.38 1
12 0.38 1
12 0.38 1
12 0.38 1
12 0.38 1
12 0.38 1
12 0.38 1
12 0.38 1
12 0.38 1
12 0.38 1
12 0.38 1
12 0.38 1
12 0.38 1
12 0.38 1
12 0.38 1
12 0.38 1
12 0.38 1
12 0.38 1
12 0.38 1
12 0.38 1
12 0.38 1
12 0.38 1
12 0.38 1
12 0.38 1
12 0.38 1
12 0.38 1
12 0.38 1
12 0.38 1
12 0.38 1
12 0.38 1
12 0.38 1
12 0.38 1
12 0.38 0.9875
12 0.38 1
12 0.38 1
12 0.38 1
12 0.38 1
12 0.38 1
12 0.38 1
12 0.38 1
12 0.38 1
12 0.38 1
12 0.38 1
12 0.38 1
12 0.38 1
12 0.38 1
12 0.38 1
12 0.38 1
12 0.38 1
12 0.38 1
12 0.38 1
12 0.38 1
12 0.38 1
12 0.38 1
12 0.38 1
12 0.38 1
12 0.38 1
12 0.38 1
12 0.38 1
12 0.38 1
12 0.38 1
12 0.38 1
12 0.38 1
12 0.38 1
12 0.38 1
12 0.38 1
12 0.38 1
12 0.38 1
12 0.38 1
12 0.38 1
12 0.38 1
12 0.38 1
12 0.38 1
12 0.38 1
12 0.38 1
12 0.38 1
12 0.38 1
12 0.38 1
12 0.38 1
12 0.38 1
12 0.38 1
12 0.38 1
12 0.38 1
12 0.38 1
12 0.38 1
12 0.38 1
12 0.38 1
12 0.38 1
12 0.38 1
12 0.38 1
12 0.38 1
12 0.38 1
12 0.38 1
12 0.38 1
12 0.38 1
12 0.38 1
12 0.38 1
12 0.38 1
12 0.38 1
12 0.38 1
12 0.38 1
12 0.38 1
12 0.38 1
12 0.38 1
12 0.38 1
12 0.38 1
12 0.38 1
12 0.38 1
12 0.38 1
12 0.38 1
12 0.38 1
12 0.38 1
12 0.38 1
12 0.38 0.9875
12 0.38 1
12 0.38 1
12 0.38 1
12 0.38 1
12 0.38 1
12 0.38 1
12 0.38 1
12 0.38 1
12 0.38 1
12 0.38 1
12 0.38 0.9875
12 0.38 1
12 0.38 1
12 0.38 1
12 0.38 1
12 0.38 1
12 0.38 1
12 0.38 1
12 0.38 1
12 0.38 1
12 0.38 1
12 0.38 1
12 0.38 1
12 0.38 1
12 0.38 1
12 0.38 1
12 0.38 1
12 0.38 1
12 0.38 1
12 0.38 1
12 0.38 1
12 0.38 1
12 0.38 1
12 0.38 1
12 0.38 1
12 0.38 1
12 0.38 1
12 0.38 1
12 0.38 1
12 0.38 1
12 0.38 1
12 0.38 1
12 0.38 1
12 0.38 1
12 0.38 1
12 0.38 1
12 0.38 1
12 0.38 1
12 0.38 1
12 0.38 1
12 0.38 1
12 0.38 1
12 0.38 1
12 0.38 1
12 0.38 1
12 0.38 1
12 0.38 1
12 0.38 1
12 0.38 1
12 0.38 1
12 0.38 1
12 0.38 1
12 0.38 1
12 0.38 1
12 0.38 1
12 0.38 1
12 0.38 1
12 0.38 1
12 0.38 1
12 0.38 1
12 0.38 1
12 0.38 1
12 0.38 1
12 0.38 1
12 0.38 1
12 0.39 1
12 0.39 1
12 0.39 1
12 0.39 1
12 0.39 1
12 0.39 1
12 0.39 1
12 0.39 1
12 0.39 1
12 0.39 1
12 0.39 1
12 0.39 1
12 0.39 1
12 0.39 1
12 0.39 1
12 0.39 1
12 0.39 1
12 0.39 1
12 0.39 1
12 0.39 1
12 0.39 1
12 0.39 1
12 0.39 1
12 0.39 1
12 0.39 1
12 0.39 1
12 0.39 1
12 0.39 1
12 0.39 1
12 0.39 1
12 0.39 1
12 0.39 1
12 0.39 1
12 0.39 1
12 0.39 1
12 0.39 1
12 0.39 1
12 0.39 1
12 0.39 1
12 0.39 1
12 0.39 1
12 0.39 1
12 0.39 1
12 0.39 1
12 0.39 1
12 0.39 1
12 0.39 1
12 0.39 1
12 0.39 1
12 0.39 1
12 0.39 1
12 0.39 1
12 0.39 1
12 0.39 1
12 0.39 1
12 0.39 1
12 0.39 1
12 0.39 1
12 0.39 1
12 0.39 1
12 0.39 1
12 0.39 1
12 0.39 1
12 0.39 1
12 0.39 1
12 0.39 1
12 0.39 1
12 0.39 1
12 0.39 1
12 0.39 1
12 0.39 1
12 0.39 1
12 0.39 1
12 0.39 1
12 0.39 1
12 0.39 1
12 0.39 1
12 0.39 1
12 0.39 1
12 0.39 1
12 0.39 1
12 0.39 1
12 0.39 1
12 0.39 1
12 0.39 1
12 0.39 1
12 0.39 1
12 0.39 1
12 0.39 1
12 0.39 1
12 0.39 1
12 0.39 1
12 0.39 1
12 0.39 1
12 0.39 1
12 0.39 1
12 0.39 1
12 0.39 1
12 0.39 1
12 0.39 1
12 0.39 1
12 0.39 1
12 0.39 1
12 0.39 1
12 0.39 1
12 0.39 1
12 0.39 1
12 0.39 1
12 0.39 1
12 0.39 1
12 0.39 1
12 0.39 1
12 0.39 1
12 0.39 1
12 0.39 1
12 0.39 1
12 0.39 1
12 0.39 1
12 0.39 1
12 0.39 1
12 0.39 1
12 0.39 1
12 0.39 1
12 0.39 1
12 0.39 1
12 0.39 1
12 0.39 1
12 0.39 1
12 0.39 1
12 0.39 1
12 0.39 1
12 0.39 1
12 0.39 1
12 0.39 1
12 0.39 1
12 0.39 1
12 0.39 1
12 0.39 1
12 0.39 1
12 0.39 1
12 0.39 1
12 0.39 1
12 0.39 1
12 0.39 1
12 0.39 1
12 0.39 1
12 0.39 1
12 0.39 1
12 0.39 1
12 0.39 1
12 0.39 1
12 0.39 1
12 0.39 1
12 0.39 1
12 0.39 1
12 0.39 1
12 0.39 1
12 0.39 1
12 0.39 1
12 0.39 1
12 0.39 1
12 0.39 1
12 0.39 1
12 0.39 1
12 0.39 1
12 0.39 1
12 0.39 1
12 0.39 1
12 0.39 1
12 0.39 1
12 0.39 1
12 0.39 1
12 0.39 1
12 0.39 1
12 0.39 1
12 0.39 1
12 0.39 1
12 0.39 1
12 0.39 1
12 0.39 1
12 0.39 1
12 0.39 1
12 0.39 1
12 0.39 1
12 0.39 1
12 0.39 1
12 0.39 1
12 0.39 1
12 0.39 1
12 0.39 1
12 0.39 1
12 0.39 1
12 0.39 1
12 0.39 1
12 0.39 1
12 0.39 1
12 0.39 1
12 0.39 1
12 0.39 1
12 0.39 1
12 0.39 1
12 0.39 1
12 0.39 1
12 0.39 1
12 0.39 1
12 0.39 1
12 0.39 1
12 0.39 1
12 0.39 1
12 0.39 1
12 0.39 1
12 0.39 1
12 0.39 1
12 0.39 1
12 0.39 1
12 0.39 1
12 0.39 1
12 0.39 1
12 0.39 1
12 0.39 1
12 0.39 1
12 0.39 1
12 0.39 1
12 0.39 1
12 0.39 1
12 0.39 1
12 0.39 1
12 0.39 1
12 0.39 1
12 0.39 1
12 0.39 1
12 0.39 1
12 0.39 1
12 0.39 1
12 0.39 1
12 0.39 1
12 0.39 1
12 0.39 1
12 0.39 1
12 0.39 1
