16 102
16 276
16 580
16 116
16 468
16 244
16 651
16 575
16 356
16 488
16 267
16 346
16 667
16 504
16 893
16 530
16 305
16 556
16 803
16 357
16 717
16 221
16 430
16 208
16 284
16 219
16 352
16 92
16 224
16 208
16 345
16 524
16 613
16 68
16 616
16 594
16 706
16 567
16 260
16 233
16 386
16 324
16 611
16 492
16 519
16 785
16 138
16 373
16 743
16 551
16 385
16 378
16 473
16 380
16 253
16 242
16 75
16 807
16 340
16 304
16 377
16 240
16 508
16 178
16 712
16 543
16 577
16 472
16 324
16 258
16 373
16 518
16 132
16 277
16 326
16 727
16 104
16 379
16 363
16 626
16 265
16 257
16 349
16 192
16 38
16 292
16 317
16 271
16 207
16 224
16 522
16 208
16 352
16 682
16 477
16 69
16 316
16 193
16 633
16 504
16 242
16 188
16 393
16 528
16 563
16 384
16 221
16 978
16 518
16 535
16 870
16 504
16 257
16 371
16 584
16 219
16 527
16 367
16 275
16 296
16 742
16 445
16 191
16 351
16 496
16 429
16 662
16 657
16 232
16 387
16 242
16 1015
16 226
16 75
16 505
16 237
16 432
16 356
16 365
16 278
16 191
16 644
16 320
16 202
16 499
16 216
16 535
16 518
16 464
16 65
16 353
16 215
16 442
16 206
16 818
16 223
16 220
16 189
16 792
16 646
16 388
16 206
16 255
16 717
16 173
16 887
16 857
16 142
16 220
16 846
16 365
16 579
16 191
16 376
16 633
16 259
16 581
16 236
16 79
16 528
16 484
16 498
16 204
16 260
16 288
16 221
16 570
16 968
16 651
16 623
16 507
16 446
16 862
16 655
16 221
16 374
16 242
16 503
16 289
16 391
16 214
18 620
18 994
18 924
18 1125
18 651
18 1245
18 1077
18 674
18 921
18 826
18 420
18 1021
18 1200
18 422
18 574
18 983
18 1084
18 1400
18 839
18 395
18 904
18 625
18 1657
18 851
18 320
18 344
18 155
18 841
18 297
18 860
18 1378
18 721
18 1201
18 1176
18 944
18 1582
18 1140
18 397
18 763
18 590
18 335
18 986
18 1091
18 415
18 879
18 1664
18 138
18 1516
18 591
18 1407
18 408
18 169
18 411
18 870
18 309
18 1163
18 337
18 597
18 722
18 1112
18 846
18 441
18 662
18 927
18 762
18 981
18 391
18 909
18 923
18 457
18 395
18 213
18 852
18 1155
18 1007
18 450
18 739
18 803
18 126
18 1071
18 334
18 1132
18 375
18 123
18 469
18 837
18 866
18 417
18 833
18 1619
18 1189
18 713
18 1013
18 1046
18 395
18 846
18 392
18 457
18 1036
18 829
18 382
18 1843
18 1609
18 1434
18 665
18 488
18 1894
18 1448
18 174
18 1385
18 914
18 883
18 1503
18 1182
18 1064
18 752
18 1017
18 1461
18 645
18 624
18 1198
18 669
18 926
18 547
18 589
18 386
18 694
18 467
18 2100
18 660
18 1207
18 412
18 657
18 119
18 1367
18 646
18 329
18 1450
18 344
18 365
18 1650
18 590
18 1276
18 1285
18 771
18 648
18 1187
18 798
18 1046
18 311
18 560
18 1367
18 416
18 1017
18 1500
18 115
18 1113
18 1534
18 372
18 143
18 952
18 1032
18 619
18 1369
18 743
18 707
18 158
18 364
18 1589
18 715
18 903
18 1262
18 465
18 1487
18 671
18 393
18 687
18 954
18 378
18 771
18 865
18 330
18 608
18 1001
18 1155
18 823
18 577
18 369
18 669
18 643
18 310
18 443
18 525
18 625
18 857
18 1087
18 605
18 1021
18 1240
18 642
18 1057
20 1522
20 1261
20 1730
20 2985
20 1457
20 1046
20 552
20 1592
20 574
20 1873
20 1062
20 1137
20 1369
20 1681
20 2031
20 1967
20 958
20 176
20 1940
20 1567
20 1168
20 1983
20 282
20 762
20 1850
20 1025
20 2568
20 1474
20 744
20 1858
20 1037
20 655
20 1781
20 2037
20 1523
20 1599
20 586
20 1187
20 1585
20 811
20 224
20 1211
20 577
20 1221
20 1036
20 1432
20 2878
20 1054
20 1517
20 660
20 4410
20 163
20 1419
20 595
20 2257
20 1506
20 2265
20 768
20 1427
20 2535
20 625
20 1220
20 1646
20 1905
20 1734
20 1026
20 2523
20 721
20 548
20 156
20 1716
20 2146
20 210
20 1144
20 521
20 2753
20 1286
20 591
20 218
20 1276
20 1431
20 100
20 2002
20 1707
20 1881
20 1368
20 1778
20 1652
20 1065
20 1401
20 1011
20 628
20 1618
20 2006
20 3189
20 3039
20 3112
20 899
20 1448
20 474
20 1660
20 1082
20 1187
20 2911
20 1874
20 2116
20 1036
20 1011
20 842
20 1490
20 1499
20 1431
20 1249
20 561
20 979
20 2488
20 1176
20 567
20 2264
20 630
20 1010
20 473
20 635
20 1550
20 761
20 633
20 1105
20 1462
20 1209
20 1113
20 1535
20 1448
20 1431
20 709
20 1989
20 1276
20 1683
20 524
20 2668
20 1834
20 1169
20 1756
20 202
20 2480
20 1769
20 571
20 782
20 1238
20 176
20 1526
20 1477
20 2397
20 1143
20 1677
20 590
20 517
20 162
20 1197
20 1450
20 1033
20 1212
20 1118
20 223
20 1214
20 579
20 1283
20 1242
20 1133
20 961
20 3959
20 1138
20 1479
20 640
20 1726
20 144
20 1199
20 712
20 1313
20 1225
20 2130
20 798
20 1589
20 1433
20 2111
20 194
20 973
20 2129
20 1307
20 1272
20 1008
20 1922
20 1061
20 1284
20 2601
20 2918
20 939
20 151
20 1074
20 2074
20 695
20 1417
22 1089
22 3018
22 2121
22 3501
22 3246
22 2480
22 947
22 985
22 1158
22 2359
22 1618
22 206
22 281
22 4907
22 1710
22 2019
22 1562
22 1702
22 1014
22 2105
22 2195
22 1705
22 1008
22 2352
22 1576
22 3259
22 2353
22 954
22 1507
22 2418
22 3356
22 1619
22 151
22 2192
22 1764
22 2713
22 1638
22 1520
22 1670
22 1455
22 2462
22 2373
22 4842
22 2142
22 1473
22 2638
22 2853
22 1082
22 309
22 869
22 309
22 157
22 1640
22 258
22 3765
22 2324
22 1054
22 804
22 1977
22 1137
22 3186
22 357
22 231
22 1519
22 1211
22 182
22 1517
22 2356
22 2961
22 1894
22 3248
22 2710
22 948
22 1994
22 2408
22 2262
22 958
22 2415
22 1414
22 2025
22 762
22 2429
22 827
22 294
22 2771
22 815
22 2651
22 3348
22 918
22 2172
22 1308
22 3973
22 2921
22 2985
22 2346
22 1631
22 411
22 1775
22 944
22 3251
22 299
22 1893
22 1544
22 2926
22 1790
22 2636
22 1793
22 2796
22 2358
22 785
22 1714
22 1684
22 1811
22 2418
22 2302
22 2493
22 3113
22 1673
22 879
22 1866
22 2723
22 1737
22 3428
22 1792
22 2866
22 1865
22 1838
22 1662
22 2038
22 2558
22 1162
22 2371
22 1137
22 2257
22 2774
22 1572
22 2934
22 1618
22 301
22 2680
22 1095
22 2442
22 1888
22 2544
22 1118
22 2529
22 805
22 252
22 4598
22 874
22 2434
22 5597
22 798
22 3217
22 2063
22 813
22 2526
22 2652
22 1029
22 1655
22 858
22 311
22 1740
22 1003
22 1599
22 1967
22 4152
22 1993
22 3237
22 1822
22 3958
22 1796
22 2452
22 1702
22 174
22 887
22 1692
22 2812
22 2770
22 2658
22 1836
22 173
22 1805
22 1060
22 2376
22 1101
22 3034
22 2849
22 204
22 1034
22 902
22 2235
22 1804
22 2446
22 6741
22 928
22 2560
22 2789
22 184
22 882
22 1760
24 688
24 3796
24 5251
24 3316
24 1269
24 3894
24 3680
24 3410
24 2415
24 168
24 4320
24 1290
24 3469
24 2527
24 2508
24 2514
24 3114
24 1443
24 3873
24 3409
24 298
24 2397
24 3457
24 1210
24 1276
24 1197
24 3384
24 325
24 2363
24 5649
24 1769
24 274
24 5046
24 1355
24 3563
24 383
24 2851
24 1532
24 4041
24 2700
24 3617
24 5158
24 2591
24 1863
24 1282
24 301
24 3056
24 262
24 3438
24 5128
24 2379
24 2586
24 2685
24 1673
24 2488
24 3864
24 171
24 183
24 3411
24 1388
24 1453
24 3386
24 5918
24 3628
24 3831
24 3776
24 5115
24 2951
24 2262
24 3127
24 6729
24 5149
24 217
24 246
24 2267
24 2745
24 2623
24 3027
24 4078
24 2523
24 3691
24 3837
24 5122
24 4991
24 2571
24 6537
24 3627
24 2717
24 1204
24 3264
24 3575
24 3267
24 3941
24 4492
24 7265
24 1936
24 1455
24 6915
24 2229
24 3637
24 1242
24 3730
24 1218
24 3811
24 3747
24 1788
24 3974
24 1539
24 320
24 3537
24 2667
24 3914
24 5152
24 1480
24 4441
24 253
24 2358
24 1492
24 2814
24 5418
24 3624
24 2533
24 3877
24 2480
24 2726
24 1568
24 4262
24 2505
24 2724
24 4559
24 310
24 1360
24 425
24 4730
24 2753
24 430
24 1322
24 2714
24 1254
24 5599
24 2601
24 1627
24 2326
24 553
24 564
24 3801
24 2350
24 365
24 1687
24 3468
24 3792
24 5103
24 3775
24 5045
24 352
24 246
24 3067
24 2619
24 2614
24 4835
24 1821
24 3832
24 3837
24 3814
24 2706
24 3680
24 3241
24 378
24 2747
24 3560
24 4088
24 4083
24 2530
24 5459
24 2903
24 1354
24 2374
24 1738
24 2864
24 3552
24 2337
24 2395
24 3979
24 3598
24 1303
24 2472
24 199
24 1835
24 2317
24 215
24 7469
24 2208
24 5726
24 3378
24 4469
24 402
24 4532
24 6433
24 2359
24 1482
24 4754
26 2002
26 247
26 5935
26 5267
26 3998
26 5246
26 1769
26 7671
26 3087
26 1959
26 5728
26 6554
26 4012
26 3582
26 2370
26 6163
26 314
26 2052
26 6830
26 3636
26 7573
26 5740
26 2230
26 5932
26 4166
26 3559
26 333
26 7166
26 1765
26 9096
26 1856
26 3683
26 8580
26 7105
26 4963
26 5482
26 7976
26 2486
26 564
26 1872
26 3854
26 8383
26 8571
26 3440
26 8057
26 3765
26 2636
26 7313
26 309
26 346
26 9355
26 9017
26 3625
26 4360
26 6956
26 5463
26 319
26 4570
26 344
26 7329
26 9572
26 5883
26 323
26 496
26 5863
26 3883
26 5434
26 11260
26 8827
26 5125
26 8956
26 2768
26 384
26 6281
26 498
26 8179
26 368
26 2190
26 4105
26 233
26 3797
26 4049
26 1704
26 1888
26 420
26 8494
26 347
26 2364
26 6014
26 9088
26 5594
26 1956
26 7799
26 5191
26 7660
26 5753
26 5793
26 250
26 3813
26 281
26 1838
26 2009
26 5692
26 1992
26 5213
26 3309
26 6125
26 2794
26 2229
26 4499
26 2460
26 3825
26 256
26 3317
26 5755
26 3748
26 4857
26 5205
26 5177
26 453
26 8878
26 219
26 1996
26 303
26 5666
26 5363
26 10109
26 4824
26 8782
26 6440
26 2946
26 10219
26 10000
26 1897
26 4167
26 2057
26 5356
26 4831
26 6214
26 10774
26 220
26 1930
26 3555
26 6681
26 281
26 7891
26 2412
26 2014
26 5292
26 8306
26 5250
26 6969
26 6195
26 5301
26 5289
26 3283
26 2160
26 220
26 6473
26 5167
26 270
26 7249
26 5219
26 2118
26 6410
26 6873
26 4229
26 7053
26 5234
26 5574
26 2399
26 3605
26 3872
26 5488
26 8441
26 1615
26 5465
26 4271
26 5570
26 6935
26 3894
26 3410
26 1724
26 3296
26 6857
26 3032
26 2082
26 4971
26 2937
26 3537
26 372
26 5693
26 10078
26 1999
26 6135
26 6003
26 1826
26 358
26 356
26 3948
26 5249
28 4911
28 2989
28 5190
28 4084
28 14730
28 8161
28 8284
28 4318
28 5038
28 675
28 2695
28 9462
28 9635
28 6530
28 5216
28 17965
28 19432
28 15654
28 3278
28 6105
28 2604
28 4963
28 6600
28 7442
28 7023
28 5625
28 2672
28 4551
28 3751
28 14430
28 2825
28 13151
28 5187
28 9989
28 5731
28 2716
28 5671
28 2805
28 8398
28 5322
28 9222
28 10271
28 2495
28 11152
28 7265
28 3202
28 3176
28 11656
28 9187
28 340
28 454
28 359
28 7845
28 10610
28 4964
28 565
28 9548
28 5360
28 5199
28 2736
28 13863
28 4245
28 9613
28 3156
28 7001
28 2427
28 3100
28 288
28 5955
28 10598
28 3169
28 6132
28 9698
28 7305
28 3225
28 8436
28 2620
28 2574
28 5122
28 3785
28 18647
28 387
28 2857
28 7713
28 5918
28 500
28 6786
28 7996
28 3097
28 524
28 10726
28 5618
28 5425
28 6005
28 6151
28 12300
28 10887
28 12842
28 5592
28 5384
28 5613
28 6484
28 8479
28 5896
28 6045
28 3278
28 7886
28 9622
28 3620
28 6940
28 403
28 8867
28 18718
28 5884
28 1164
28 9242
28 11540
28 9865
28 6244
28 2950
28 2474
28 2336
28 8610
28 315
28 11533
28 6089
28 3676
28 2976
28 8973
28 7741
28 713
28 7902
28 7085
28 2681
28 3567
28 9372
28 11418
28 13357
28 5416
28 6494
28 439
28 2664
28 7039
28 5740
28 2814
28 4140
28 8978
28 3338
28 7052
28 7334
28 10137
28 5141
28 4638
28 11376
28 9890
28 4763
28 16910
28 4323
28 3205
28 11602
28 3105
28 7362
28 5138
28 5943
28 7915
28 6189
28 4025
28 351
28 18051
28 10107
28 417
28 8545
28 2918
28 10763
28 9760
28 2756
28 8287
28 339
28 14224
28 5555
28 7510
28 6076
28 7238
28 2712
28 4017
28 9564
28 5866
28 11897
28 2812
28 430
28 7769
28 6263
28 16356
28 2843
28 5454
28 2661
28 9101
28 8797
28 7498
28 8406
28 413
30 3792
30 3786
30 15121
30 715
30 7571
30 4366
30 7416
30 7072
30 12545
30 13074
30 4322
30 4513
30 16854
30 7151
30 4148
30 6938
30 5343
30 13023
30 8461
30 8548
30 17065
30 17589
30 3960
30 12733
30 4549
30 3825
30 12583
30 7388
30 11957
30 14711
30 9440
30 8875
30 13603
30 8625
30 6629
30 420
30 383
30 12150
30 17243
30 5028
30 4383
30 3749
30 17570
30 3945
30 4675
30 11325
30 8991
30 12957
30 526
30 9885
30 577
30 12433
30 12185
30 3489
30 13445
30 25902
30 354
30 17191
30 3445
30 8344
30 14956
30 3811
30 387
30 19737
30 9092
30 3867
30 8021
30 27497
30 7244
30 10650
30 7466
30 4268
30 11015
30 10545
30 8988
30 11188
30 9696
30 3529
30 4699
30 441
30 9697
30 4551
30 11560
30 4267
30 11807
30 26691
30 12234
30 21045
30 429
30 10705
30 10075
30 4212
30 9205
30 12731
30 19330
30 10501
30 11437
30 3704
30 7868
30 6863
30 4614
30 3832
30 9603
30 575
30 13634
30 13388
30 13882
30 8996
30 19919
30 14050
30 4089
30 9453
30 8338
30 10147
30 11292
30 12662
30 4672
30 5282
30 4212
30 4074
30 11887
30 547
30 404
30 25182
30 11431
30 7155
30 8109
30 505
30 6373
30 3452
30 9911
30 14488
30 16011
30 24448
30 4641
30 8633
30 9118
30 11515
30 4865
30 3267
30 4001
30 12815
30 17646
30 8764
30 11594
30 4254
30 23437
30 9618
30 3866
30 6674
30 4412
30 652
30 4852
30 3208
30 9239
30 4429
30 7664
30 8850
30 12239
30 20974
30 25759
30 5665
30 10255
30 22032
30 4261
30 8226
30 5416
30 6922
30 10869
30 3708
30 4111
30 16392
30 439
30 4049
30 8671
30 4552
30 3756
30 7384
30 26742
30 5536
30 10493
30 8357
30 11450
30 7667
30 4502
30 8237
30 443
30 4616
30 341
30 15295
30 14540
30 17220
30 10807
30 7031
30 24531
30 16532
30 565
30 14728
30 11589
30 662
30 4568
32 16893
32 4627
32 9874
32 20512
32 19697
32 595
32 19787
32 395
32 16130
32 10414
32 21179
32 16317
32 9531
32 17163
32 6999
32 21660
32 9563
32 16139
32 17684
32 5847
32 823
32 15536
32 7375
32 11053
32 5681
32 714
32 5639
32 20440
32 11880
32 10571
32 26344
32 5808
32 10088
32 40472
32 6226
32 16969
32 10732
32 35191
32 26953
32 8524
32 14613
32 523
32 7833
32 11574
32 17810
32 18036
32 466
32 16858
32 12491
32 17320
32 713
32 9576
32 10279
32 17555
32 9945
32 15954
32 17578
32 13275
32 10007
32 32537
32 415
32 18739
32 9644
32 13683
32 16047
32 10476
32 283
32 16995
32 4610
32 21531
32 8689
32 20215
32 17350
32 13844
32 5020
32 11410
32 16458
32 12253
32 591
32 31406
32 4777
32 29544
32 6559
32 21158
32 9939
32 28256
32 5781
32 633
32 12801
32 5175
32 10451
32 9827
32 19661
32 4926
32 5680
32 17715
32 11237
32 5210
32 15548
32 17961
32 16186
32 31756
32 8796
32 10009
32 15842
32 12310
32 22088
32 17925
32 5398
32 11763
32 10784
32 19088
32 15925
32 19404
32 6018
32 16692
32 5194
32 7444
32 18109
32 22787
32 7306
32 11667
32 26441
32 5119
32 26479
32 10535
32 15677
32 546
32 6001
32 14084
32 10213
32 12953
32 6432
32 5154
32 5515
32 14063
32 16642
32 10748
32 9387
32 10265
32 9699
32 14808
32 5154
32 4753
32 15028
32 353
32 11157
32 6184
32 15408
32 5302
32 5351
32 5808
32 16179
32 5065
32 9073
32 16936
32 4300
32 21713
32 9527
32 11190
32 9930
32 10899
32 522
32 5849
32 25680
32 10349
32 386
32 10941
32 7218
32 5127
32 14105
32 7572
32 11404
32 5973
32 19569
32 19912
32 18661
32 14757
32 17181
32 9536
32 5953
32 6073
32 29375
32 8053
32 11006
32 12843
32 12237
32 5354
32 17312
32 9476
32 547
32 13196
32 20659
32 6668
32 10064
32 5679
32 13211
32 16737
32 4880
32 15997
32 15634
